Framework: tf
Initial concrete seed values:
x0: shape=(27, 27)
[[-3.10390294e-01 -8.60111048e-02  4.82203098e-01 -1.29899759e-01
   1.40557870e-01 -1.65091988e-01  6.15077559e-02 -1.25424092e-02
  -2.45406824e-01 -3.04724712e-02  7.29282760e-02 -3.29448931e-03
  -1.25378007e-01 -1.26318748e-01  3.01938937e-01 -1.52709458e-01
   1.72650899e-01 -2.82471186e-01  8.91832042e-02 -4.02112638e-01
   1.65163817e-01  3.18578428e-02 -8.69649375e-02  1.50990029e-01
   1.88079118e-01 -9.11751618e-02 -4.09861279e-02]
 [ 1.32638417e-01 -3.65470239e-01  2.99112133e-01 -2.28865023e-02
  -2.41773580e-01  5.98675664e-02 -1.21698493e-01 -5.53794458e-02
  -2.21816619e-01  5.20737999e-02  2.57243973e-01 -1.26755701e-01
   2.67420839e-01  3.58264693e-01 -2.13733391e-01  7.13674043e-02
  -2.24949209e-02 -1.64168604e-02 -4.85957988e-02  3.93517049e-02
   3.30641239e-01  2.68580486e-02 -3.97228876e-02  1.39659807e-01
  -1.66495416e-01  2.58330889e-01  2.52711703e-01]
 [-4.41842417e-01 -9.38875181e-02  5.53870983e-02 -1.37679128e-01
  -1.24038222e-01 -1.77486249e-01 -4.18006096e-02  1.30613130e-01
  -1.29286024e-01 -1.05834901e-01  1.35222359e-01 -1.08706572e-01
  -1.27233560e-01  3.68987046e-01 -2.08500015e-01 -4.09797717e-02
   1.64587666e-01  2.59235379e-02 -1.09403035e-01  1.34447706e-01
  -4.93431718e-01 -1.12403212e-01  1.87816462e-01 -2.65742983e-01
   1.74509342e-01  4.79935937e-02 -1.29132900e-02]
 [ 1.88838545e-01  5.99383265e-02  1.25186206e-01 -1.04741704e-01
   5.01318092e-02 -4.15857440e-02  8.99057463e-02  1.26248580e-01
  -2.88217696e-01  4.83111858e-02 -2.65465785e-01  2.32453137e-01
   8.36349421e-02  3.20116304e-01 -2.81001434e-02 -4.45142471e-01
  -2.73309982e-01  2.80392374e-01 -1.65936755e-01  8.69174632e-03
  -7.71791282e-03 -1.16648507e-01 -2.61435437e-01  5.08040982e-02
   7.81702811e-02 -5.52224301e-02 -3.35909437e-01]
 [ 2.29905916e-02  5.53730272e-02  1.66586247e-02  8.56435725e-02
  -1.30697735e-01 -3.96489538e-01 -2.14270199e-01  3.61960066e-01
  -1.66919765e-01  4.04484456e-01 -9.21368308e-02 -4.16262799e-02
  -3.08054516e-01 -1.76862737e-02  3.08833157e-01  1.33520008e-01
  -3.81042051e-03  1.53163619e-01  5.71195550e-02  1.56350276e-01
   6.81044531e-02 -2.23910815e-02 -1.88476180e-01 -1.55639204e-01
  -2.27036983e-01 -9.27578973e-03  2.44484430e-01]
 [ 7.21973003e-02 -1.30857564e-01 -7.82875054e-06 -3.28472580e-01
   5.41864628e-02 -3.11485617e-02 -7.56516627e-02 -1.50132926e-02
   2.63065002e-01 -1.64357188e-01 -3.39150982e-01  2.20766221e-01
  -4.92610203e-02  1.13750137e-01  9.06425359e-02  2.32814584e-02
   7.19853489e-02 -2.30910652e-01  8.55486084e-02  2.46865894e-01
  -1.69778249e-01 -1.24507910e-01 -3.07669019e-01  2.85530568e-01
   2.02237825e-01  1.76802299e-01  3.95444375e-01]
 [ 1.47394898e-01  1.78650681e-01 -7.69319650e-02  3.06739299e-02
  -3.42627304e-01 -1.54649016e-01 -7.43343432e-02  1.02792659e-01
  -5.05184194e-03 -1.01692057e-01  1.03932107e-01  1.47776573e-01
   1.03816818e-01 -1.79637502e-01 -2.24200572e-01 -3.36955872e-01
   1.32237514e-01  2.46969515e-01  2.25320257e-01 -4.46230649e-01
  -2.03278129e-01 -1.44043928e-02  4.12005726e-02  1.39521783e-01
   1.78072777e-02 -1.95388731e-02  3.74799088e-01]
 [-3.18463961e-01  2.50236609e-01 -1.14727992e-01 -3.11879273e-01
  -3.73343082e-01  3.93704293e-01  2.47035925e-01 -3.77230698e-02
  -5.70486051e-02  8.21539569e-02  1.05619488e-01 -6.57950767e-02
   2.10222277e-01  7.68854054e-02  3.27734516e-01  1.04997680e-02
  -6.01879130e-02  1.61328954e-01  1.19585831e-01  1.18519682e-01
   1.19823472e-01  1.42120762e-02 -1.61928969e-01 -8.04942034e-02
   9.53967904e-02 -2.03177572e-01  1.73034973e-01]
 [ 4.71329978e-02  1.50893841e-01  2.15527789e-02  5.85032772e-02
  -6.19950898e-03 -8.24715075e-02 -3.59814001e-01 -2.50678105e-02
   1.36757348e-02  2.70656300e-01 -1.25631112e-01 -2.20226750e-01
   3.96015991e-01 -8.21737370e-02  7.98025123e-02 -2.51987841e-01
   4.02932354e-01 -6.84780468e-03 -7.13689574e-02  3.12483971e-01
   7.21655622e-02  9.68392006e-02  1.93576134e-01  1.45396786e-01
   3.35918640e-01 -4.05984026e-02 -1.00931565e-01]
 [-6.46690334e-02  2.93208860e-01  1.42773190e-01 -2.10745283e-01
  -2.67076749e-01 -6.01789342e-02 -5.76475631e-02  2.23738613e-01
   1.37254566e-01  8.66745298e-03  1.40080810e-01  1.77815984e-01
  -6.16163657e-03 -2.35727487e-01 -1.43220654e-01 -1.87116233e-01
  -2.59913178e-01 -3.78971701e-01  7.84764739e-03  1.73942713e-01
   9.00276938e-02  2.28159385e-01  1.65789130e-02 -1.47450518e-01
  -5.79614054e-02  4.09930384e-01 -2.00890901e-01]
 [-1.90754605e-01  2.08153661e-01  1.54370650e-02  1.51067868e-01
  -2.18267615e-01 -1.33257017e-01  2.32686684e-02 -1.59692578e-01
   1.90959539e-01  7.39810789e-02 -3.53227249e-01 -1.13904055e-01
   2.77367964e-01  1.55230253e-01 -2.86858910e-02  9.37449595e-02
   1.60797090e-01 -2.17245577e-01 -1.53249834e-02 -2.82084120e-01
   2.02819352e-02 -4.14607007e-01 -1.88330179e-01 -1.07883366e-01
  -3.06046524e-01  1.41608506e-01 -1.71663368e-01]
 [-1.42605232e-01  2.85530851e-01  4.63985902e-01  3.10655066e-01
   2.24213971e-01 -6.12560092e-02  1.01483131e-01  3.73566577e-02
   4.18853556e-01 -6.74769959e-02  8.93614416e-02  8.83375006e-02
   1.65347812e-01  2.25443334e-01  1.36988121e-01  8.10930965e-03
  -1.01029950e-01  2.32443812e-01 -1.36691117e-01  5.15611566e-02
  -1.16195048e-01  2.65101166e-01  1.17713587e-02  4.93180892e-02
  -9.49947543e-02 -2.14294167e-03  2.16545080e-01]
 [ 2.71402602e-01  1.31140300e-01  7.10124895e-02 -6.71327898e-02
   1.37252080e-03 -6.78205427e-02  8.30570374e-02 -1.58741498e-01
  -6.87507256e-02 -3.84942403e-01 -6.04503486e-03  2.21217536e-03
  -1.09423430e-01  1.47919425e-01  3.80188502e-01 -7.23469965e-02
   2.33220870e-01  2.06938061e-01  3.11561500e-01  1.07476213e-01
   1.41679099e-01 -1.14765317e-01  2.98137737e-01 -2.22932137e-01
  -6.09440932e-02  3.69903365e-01 -9.00334615e-02]
 [ 8.72957427e-02 -1.51904613e-01 -5.58897462e-02 -3.39576705e-01
   3.17775369e-01 -1.51148247e-03  3.37950512e-01  1.80127692e-01
   1.94816397e-02  1.19877761e-01  7.42750202e-02 -2.16573337e-01
   2.28250862e-01 -1.49731620e-01  1.72596771e-03 -2.20169143e-01
   3.17254388e-01  1.83736038e-02 -4.18848234e-02  2.43378844e-02
  -2.10488216e-01  1.48059941e-01 -1.47010672e-01 -8.36791703e-02
  -4.52963072e-01  9.58074998e-02  2.30518165e-02]
 [-1.90745097e-02 -1.28704791e-02  1.67663434e-01 -1.05816210e-01
   1.51887489e-02 -6.18780786e-02 -8.41945131e-02 -1.35222553e-01
  -2.71119903e-01 -1.17970779e-01 -1.77004572e-01  5.60418130e-01
   2.89832937e-01 -2.03756422e-01 -1.21040431e-01  2.75248192e-01
   2.04640200e-01  3.12937219e-02 -1.08692712e-01  9.83213752e-02
   2.68163462e-02  1.16575707e-01  3.30711382e-02 -3.67487667e-01
  -1.06042430e-01 -2.18547013e-01  9.04367115e-02]
 [-8.50826071e-02 -3.77602974e-01 -1.01970405e-01 -8.97127363e-02
  -2.98710098e-01 -3.31558279e-01  1.93857049e-01 -1.08597037e-01
   3.23247011e-01  1.91835555e-01  1.68901385e-01  3.66769708e-01
   4.04950686e-02  2.11527442e-02  1.98314034e-01  1.32833549e-02
   6.18199090e-02  1.38191341e-01 -2.56341435e-02  5.55171194e-02
   1.51854034e-02  7.20780051e-03  1.94250899e-01  2.70054146e-01
  -8.76789556e-02 -8.14197628e-02 -2.92145395e-01]
 [ 9.49875298e-02 -2.44121363e-01 -1.36301483e-01  2.28020909e-01
  -1.74142015e-01 -1.82780755e-01  3.05165871e-01  2.24854351e-03
   1.09366383e-01 -5.18188306e-02 -1.44033794e-01 -1.12598894e-01
   4.63940546e-02  2.39858205e-02  2.97403153e-03  4.27286742e-04
   8.69705891e-02  1.57050547e-02 -7.87953121e-02 -1.31727177e-01
   1.17665172e-01  4.00395050e-01 -3.01086429e-01 -3.82023485e-01
   4.30482570e-01  1.58770874e-01  2.20637060e-02]
 [ 2.93781615e-01  2.78081373e-01  9.84273670e-02 -3.10518582e-01
   3.80770677e-02 -3.03722551e-01  1.77855972e-01 -3.00342556e-01
   6.18140326e-02  2.56721747e-01  1.05960146e-02 -1.33419485e-01
  -1.07306294e-01  2.86352998e-01 -2.62892283e-01  1.18123788e-01
  -5.20337499e-02 -1.71661119e-01  2.70190927e-01 -1.36873115e-02
   1.12283582e-02  1.71487471e-01  8.11487232e-02 -5.80132107e-02
   5.33733932e-02 -3.20024887e-01  1.96098763e-02]
 [-5.03655814e-02  1.87667313e-01 -3.90807558e-01 -1.79373766e-01
   2.92365681e-01 -3.30672358e-01 -2.35045388e-01 -1.04647254e-01
   5.46963735e-02 -1.48968855e-01  4.47975515e-01  7.67093466e-02
   1.34698500e-01  1.22950764e-01  8.58717915e-02 -2.20146392e-02
  -3.50312092e-02  9.47543834e-04 -2.92745792e-01 -1.14811935e-01
   2.47659600e-01 -1.28270098e-01 -2.12030564e-01 -9.44891603e-02
   7.29985911e-02  2.99300046e-02  7.37719966e-02]
 [ 9.90289519e-02  1.04830988e-01 -8.39210795e-02  4.05763714e-01
  -9.62402594e-02 -2.14131016e-01  3.52082269e-01  9.64615431e-02
  -2.73079855e-01 -2.67751792e-01  2.08664874e-01  1.41717884e-02
   1.35911221e-01 -6.89922411e-03  4.08360430e-02 -6.39295068e-02
   3.38430692e-02 -3.68240875e-01  6.81432773e-02  3.74125220e-01
  -7.71808208e-02 -1.31511485e-01 -1.17156119e-01  1.78307717e-01
  -5.37218661e-02 -2.24223096e-01  3.95344132e-02]
 [ 1.85041135e-01 -2.06033915e-01 -2.18844558e-02  1.23151503e-02
  -6.55784371e-02  1.41492600e-01 -4.11741361e-01  2.37946423e-01
   1.79428216e-01 -1.75697930e-01  8.61932133e-02  9.87861451e-03
   1.71984272e-01  2.59558218e-01  2.60689919e-01 -6.27862422e-02
  -5.31130386e-02 -2.47938781e-01  2.67362605e-01 -1.44819427e-01
  -1.64788047e-01  1.73510251e-01 -7.79431657e-02 -2.17578217e-01
  -1.20636595e-01 -3.43192470e-01 -1.81678063e-01]
 [ 3.95673762e-02 -6.22224820e-02  2.66080612e-01 -2.07120838e-02
   1.25544576e-03  7.36720710e-02  2.58639472e-02  2.23370473e-01
   3.57536633e-01 -8.48686071e-02  1.78598573e-01 -2.03371369e-02
  -1.54378941e-01 -1.33111781e-01 -3.10758931e-01 -5.67652897e-02
   2.51514788e-01  1.82355611e-01  1.26421872e-01  1.84853511e-01
   3.19193978e-01 -3.76906247e-01 -2.34383593e-01 -1.74646376e-01
   1.05779173e-01 -2.45703770e-01 -1.05095045e-01]
 [ 1.04869214e-01  3.21146483e-03 -1.11852227e-02  2.37299025e-01
   1.69559257e-01  2.83467191e-01  7.11161150e-02 -1.19308948e-01
  -2.52190621e-02  5.20529897e-01  2.91146066e-01  3.85926372e-01
  -2.61993933e-02  1.21650284e-01  5.78596000e-02 -1.05325624e-01
   1.41811979e-01 -1.75654886e-01  1.59059175e-01 -4.71039813e-02
  -1.71678676e-01 -1.93158474e-01 -5.84146141e-02 -2.09475047e-01
   1.61962377e-01  2.13025203e-01  6.90639640e-02]
 [-3.59994508e-01 -6.92335049e-02 -9.29803779e-02  1.07718801e-01
   2.03676038e-01 -1.37026738e-01 -1.46150378e-01 -1.77593964e-01
  -1.02532811e-01 -1.16124807e-02  2.05063720e-02  7.84040442e-03
   1.41978731e-01 -5.03215817e-02 -1.81431809e-01  2.89515915e-02
  -1.08455845e-01  2.28064033e-01  6.31856503e-01  1.50132677e-01
  -2.52615661e-02  1.63390877e-01 -2.96045635e-01  9.33608549e-02
  -3.62283840e-02  1.51534377e-01 -1.76348978e-01]
 [ 1.84302708e-01  1.21690692e-01  1.67856611e-01 -2.49000677e-04
  -2.54559660e-01  9.26384208e-02 -1.86719406e-01 -4.00402494e-01
  -5.35278606e-02 -6.68644483e-02  2.20913687e-01 -8.31131163e-02
  -2.49652731e-01 -1.20342251e-01  7.11677784e-02  8.54068942e-02
   2.06635682e-01  1.06521459e-01 -2.28876111e-01  5.98916542e-02
  -3.24025124e-01  1.45165626e-01 -4.42756765e-01  1.08097577e-01
  -8.49247993e-02  2.77662592e-02 -2.24679658e-01]
 [-1.56665238e-01 -1.97418744e-01 -1.19405166e-02  1.04219414e-01
  -3.89390523e-02 -2.25417943e-02 -9.16912537e-02 -4.66577267e-01
   9.02371921e-02 -7.62620441e-03 -1.03078887e-01 -4.94642493e-02
  -1.82965655e-01 -7.32532048e-02  1.24212035e-02 -5.88260803e-01
  -1.56895760e-01 -9.11058970e-02 -6.43250908e-02  1.74416162e-01
   9.86762169e-02 -2.64056118e-03  4.44605770e-02 -2.51365101e-01
  -2.31263475e-01 -1.70815449e-01  2.56885285e-01]
 [ 1.78045148e-01 -1.65051946e-01  2.45891946e-01 -9.17461611e-02
   1.65675880e-03 -1.84449183e-01  1.11729054e-02 -1.20288654e-01
   2.97053312e-02  4.82281722e-02  1.08097311e-01 -2.22730837e-01
   3.25717559e-01 -3.49456524e-01  1.68662499e-01  1.08439850e-01
  -4.43808749e-01  7.84915226e-02  3.27700512e-02  2.05495353e-02
  -2.88136502e-01 -3.50055626e-01  2.13983880e-02 -1.89296072e-01
   2.03483768e-01  3.47054565e-02  3.94057148e-02]]

x1: shape=(27, 27)
[[-0.76785025 -0.11292424  0.61042891 -1.98645967 -0.01870252  1.80889566
   0.02172095 -1.60703123 -0.99803585  1.93035128 -0.48157505 -1.15529219
   1.83173654  1.08014323 -1.93570259  0.22639147 -0.74433087  1.34422883
  -0.7879104  -1.12818698 -0.06789598  1.90979585  1.18424193 -0.39564254
  -1.44231031 -1.42974824 -0.84295528]
 [-0.46979481  1.11384363  0.19568148  1.42062819  1.69379012 -1.06057521
  -1.1878806   1.60327183 -1.61500766  0.10276694 -1.22594391 -0.16439339
   0.68024799 -1.05641755  1.96188367  0.53775521 -1.86864891 -0.1444813
   0.9515223  -0.86644178  0.6294159   1.73983739  0.71465842  0.87506197
   0.91038794 -1.87214537 -0.19299187]
 [ 0.48221205  0.55898022  1.42055364 -0.27499031  1.15536535  1.87460438
  -1.1845469  -1.45309553  0.71332746 -1.04795667 -1.80304819 -0.9826792
  -0.56226734 -1.36101314  1.07189743  0.74887224  1.24905085  1.86921479
   1.97602698  1.8942613  -0.23363287 -1.61060253 -0.5627673   1.49099833
   0.65121834 -1.81036546 -1.9950815 ]
 [-0.82543975 -0.85173681  1.10552846  0.91192797 -1.44629572  1.59225514
  -0.28324267  1.73167803  0.79896968  0.90697619  1.83544322 -1.85137207
  -1.34739082 -1.26177164 -0.67296821  1.30273747  1.83349152 -1.46864848
   1.90552951  0.50346094  1.42018137 -0.19160488 -0.12851562 -0.73623985
  -1.27504075 -0.58375198 -1.08364134]
 [-0.20224695  0.0058483   1.50066108 -1.85491188  0.17283469 -0.05152633
  -0.52771472  1.33868808 -1.25187739 -1.72602266 -1.641345   -1.33134394
  -1.30724441  0.87752311  1.28821044 -0.69374688  1.26823338  0.54242901
   1.53112476  0.60976878 -0.72026726 -0.52151623 -0.06603741 -0.06442904
  -0.97222322  1.59520469  0.22031342]
 [-1.57265713 -0.77753304 -0.30537621 -1.32206665 -0.80750031 -1.76163273
  -1.70717389 -1.45587382 -0.1441611   0.38857933 -1.87112066 -1.71932225
   1.95443734 -1.31729008 -0.93730167  0.50122239 -1.67238081  1.40737668
   1.89441998 -1.02063364  1.27681272 -0.34471224 -1.62643093 -0.96083912
  -1.81710703 -0.16901897 -1.37434307]
 [-1.28136783  1.64300787 -0.82362075 -1.48160623  1.22953833  0.9953397
   1.27549592 -1.42991449 -1.0145458  -1.98630483  1.59626128 -0.03123423
  -0.88425627 -0.67333054  1.96703072 -1.78576164  1.53142376  1.63285591
  -1.46117866  1.65423931 -0.26958149  0.33448893 -1.9625009  -1.83921012
   1.28377244  0.62250372  0.72924269]
 [-1.63521268 -1.4722706  -1.49910736 -1.0392625  -0.33835875 -0.13881353
  -1.19518167  1.33652428 -0.40137476  0.2566112  -0.40033455 -0.07485929
   1.04028461 -1.24529188 -1.77920057 -1.59922929 -1.39745179 -0.94039492
  -1.17703004  0.75385744 -0.0040781   0.96667375  1.12517324 -0.77587372
   0.48623442  1.27524999 -1.74003362]
 [-0.12337672 -1.82511376  0.24895484 -1.97474886  1.89153247 -0.91145749
   1.34637733 -0.219417   -0.3821233  -1.58107677 -1.47274395  1.56310953
   0.80296223 -1.94431901 -0.92530075 -0.84386714 -0.16268068  0.68841618
   1.78720221  1.58177819 -1.07814931  0.1250751  -1.79370887 -0.81066565
   0.23597398 -1.20875001 -1.5455722 ]
 [ 0.25825726  0.83858938 -1.94177285 -1.21986941 -0.50236366 -0.72861578
   1.59251126 -0.59209263  0.47992335  0.44890195 -0.43908569 -0.34781711
  -0.45630345  1.68815111 -0.64833517 -0.45309087  1.85333139  0.78688206
   1.18125857  1.30595433 -0.47214955  1.75979305  0.38313821 -0.33845987
   0.61915558  0.75177564  0.15800103]
 [ 0.55220021  0.37275271  1.0228799   1.62295325 -0.16129675 -1.94234831
   1.41729124 -0.88901541  0.44258212 -1.16248169  0.58814285 -0.36401882
   0.7249      0.33844465 -1.55030183 -1.78301871 -1.962619   -1.10129733
  -0.5894395  -0.23174977  0.08711239 -0.82084142 -0.16286946  1.74017378
  -0.53453427 -1.79188554 -0.91566784]
 [-0.42705153  1.63249534 -0.7658031   0.02517781  0.50723782 -0.21455428
   0.66182678 -1.29164577  0.10034796  0.85022247 -1.36395023 -0.22474059
   0.9621328  -0.32373329 -1.24740557  1.39981214 -1.16016307  0.29119245
  -0.24182393 -1.56835591  0.43911626  1.46982083 -1.69186556 -1.27400266
  -1.91373168  1.50229606  0.02392294]
 [ 1.62147853 -0.36519061 -1.05374477 -1.25189644  0.47565255  1.54628937
   0.82902548  1.15548925 -0.07290859 -0.02499932 -0.11174108  0.89165683
   0.91041372  1.20082641 -1.68007682  1.13522308 -1.5524923   0.91153094
   0.10414853  1.36551321  1.64638884 -0.94082142 -1.54071183  0.39869458
  -1.55356187 -1.01912052 -0.06218349]
 [ 1.37063487 -1.24166814 -0.88332117 -1.46437124 -1.95149785  1.00619488
   1.51387123  0.08115871  1.81726689  1.32438103 -1.8664307  -1.37984306
  -0.20109286 -1.28402221 -1.66971271  0.94242408 -1.08706891 -0.98344161
   1.98357498  1.64219794 -0.12287404  1.44378628 -0.25581672  0.4042797
  -0.53923602  1.99448816 -1.36627605]
 [ 1.36890374  0.57962122 -0.92128711 -0.9942378   1.2194563  -1.47262733
  -0.21976752 -1.2729      0.66077449  0.04147515 -1.21216871  1.60457876
  -0.64276388 -0.18358943  0.37600397 -1.49421528 -1.09197134  0.63661661
  -1.5299764   1.04965476 -0.54884722  0.28336084  0.2268846   0.21060834
   1.42822784 -1.26219665 -0.62442257]
 [ 1.55532215  1.65080226 -0.37905758  0.65923577 -0.05642368 -0.98103291
   1.91796738  0.9674454   0.79216186  0.01670332  0.62769827 -1.61851155
   1.40083738  0.03162432 -1.74022693 -1.93434552 -0.4385248  -1.99482251
   1.14989514 -1.18404819  1.25096648  0.87066453 -0.24959827  1.20753434
   1.32805358  1.10142709  0.92623348]
 [-1.80256029 -1.12206711 -1.55195928  0.88649413 -1.36216983 -1.7391415
  -1.94128432  1.5955654   1.23191554 -1.73654482 -1.48744025 -0.29594275
   0.3348556  -0.09396027 -1.93606571  1.15880692  1.02361631 -1.77322117
  -1.40723831  1.26740099 -1.37380094 -1.22409349 -1.2721964   0.77088914
  -0.502983    1.96362774 -0.55787762]
 [-0.0957306   1.36777831  0.64856772  1.22574428 -0.54338892  1.76208768
   1.33343318  0.55699311 -1.10346493 -1.74418876  0.61038303 -0.14442721
   1.97975227 -0.49650829  1.38907048  0.94968114 -0.78061184 -0.95748298
  -1.06039501 -1.84331952  1.36926134 -0.1803742  -1.1408842   0.23614017
   1.37450219 -1.03020858  0.18079797]
 [-1.18823136  1.75222338  1.98372057 -1.72227526 -1.82298414  1.67830523
   0.561987    1.62784364  1.19664121  0.51517342  1.97480421 -0.05699299
  -0.22154454 -1.97062083  0.57250351  0.66535171  0.30066344  0.09113395
   0.97911131  1.65175976  1.19377388  1.03386639  1.98367548  1.56071065
  -0.63377141 -0.93413872 -1.62304948]
 [ 0.22223732 -1.10603986 -0.54728511  0.66560643 -1.08548663 -1.10341656
   0.55017948 -0.72334057  1.2184603   0.32273434  1.90758963  0.2248446
   0.95646274 -1.92137252  0.58084618  1.20376819 -1.06107443 -1.7879716
  -0.63200366 -1.34606932 -0.5111402  -0.2313573  -0.64643345  1.96584606
   1.51543619 -1.58852345  1.09706593]
 [ 0.34596792 -0.6456306  -0.43394593  1.80925667  0.58803207  1.45082158
  -0.11409611 -0.73836439 -1.51057425  0.10615211 -0.38695653 -1.90284493
   1.82452454  0.71016549 -1.04434265 -0.50295161  0.27402467 -1.90876735
   0.91556753 -1.65533569  1.23578979  1.76157584  1.40799013 -0.12717991
   1.10200018 -0.02863152  1.71701708]
 [ 1.76048423 -1.13196543  0.30149476 -0.07454048  1.87398234 -1.17314503
   0.60481278  0.05932309  0.79202842  0.55088534  1.25516642  1.73079484
  -0.05210149 -0.60136924 -1.17849141 -0.83684972 -0.94557804  1.74906011
   0.31320542 -1.32931005 -1.18288351  1.7979279   1.45270396  0.94837752
   1.5541927   1.46044462 -0.6613573 ]
 [-0.99634909  1.84181169 -0.27510429 -0.35125312 -0.13446706  0.63360171
   1.11720775 -1.87249929 -0.0541265  -1.66296402  0.20970953  0.03806936
   1.06722248 -1.53354315 -1.70081201  1.70024931 -0.48659519 -0.5039685
   0.89716974 -1.18270131 -0.99142654 -1.63013543 -0.55185896 -0.9013975
   0.00589534  0.38137519 -1.7855637 ]
 [-0.16081013  1.49319141  1.56667332  0.4939489   0.90788282 -1.036925
   0.41545666 -1.20737517  0.98175147 -0.05594727  0.2997842  -0.10088387
   1.75104422  1.11192745  0.72441309 -0.01965541  1.41313516 -1.63195331
  -1.96164169  0.85013455  0.98355487 -1.41011188  0.5591267  -0.63324645
  -0.83409423  0.49658821 -1.86174067]
 [-0.09297385 -1.31352523  0.76219037  1.56659843  1.62447561 -0.53666922
  -1.76761434  1.16822205 -1.24240657  0.82911864 -1.13127426  0.31582375
   1.39082914 -1.35980995 -1.80325243  1.52098188  0.88150163 -1.78948639
  -0.8848803   0.34720774  1.48679098  0.2467814  -1.65287696 -0.75252305
  -0.66028028 -1.31752065 -0.22720227]
 [-1.91785398  1.89448457  1.44488028  0.64865966 -0.72704399 -1.57809186
  -1.15350822  0.01231433 -0.11119189 -1.38705289  1.22274288 -0.60467453
   0.77203704  1.33286492 -0.36090031 -0.3501488  -1.06061436 -1.47484842
   1.00874418  0.48276306  0.148376   -1.36962046 -0.20276755  0.65115321
   1.11282263 -1.98341601 -1.31693094]
 [-0.95007103  1.00481791 -0.65566085  1.63437731  0.89034372  0.32326518
   1.29823858 -1.73479782  0.76251161  0.13223914 -0.31654391  1.38484195
  -0.12141087  0.65717488 -1.00561552  1.5300091  -1.87709871 -1.33720279
   1.38468071 -0.01943164 -1.16634279 -1.22926261 -1.77011936  0.49909323
  -1.30713928  1.40015017 -0.02015829]]

x2: shape=(27, 27)
[[ 3.93327949e-02  3.99550891e-02 -2.70918522e-02 -1.10790129e-02
   4.75344973e-02 -4.44907252e-02  2.26706926e-02  6.16720043e-02
   1.33222538e-02 -7.65798743e-03  6.90699486e-02 -3.35569990e-03
  -4.15126721e-02  3.38629948e-02  3.83188441e-02  2.31046971e-02
  -1.83447875e-02  1.32916981e-02 -4.44984325e-02  1.41124059e-03
  -1.81410594e-02  6.07139680e-03 -2.05843879e-02  3.01604064e-02
   1.16378638e-02  3.36770397e-02  5.17984985e-02]
 [ 3.99550891e-02  6.38023489e-02 -3.04200924e-02 -1.91543406e-02
   5.59884773e-02 -5.22845468e-02  1.85128014e-02  9.10322555e-02
   2.84253716e-02 -5.46859002e-02  8.08384839e-02 -4.27303023e-03
  -3.26793537e-02  3.60619304e-02  6.60057932e-02  2.42442634e-02
  -4.77176269e-02  4.39666282e-02 -4.58284288e-02 -1.65170183e-03
  -4.64481782e-02 -2.62444806e-02 -1.00170807e-02  5.65198239e-02
   1.26303723e-02  4.24514462e-02  5.80873764e-02]
 [-2.70918522e-02 -3.04200924e-02  3.88980997e-02  1.05801453e-02
  -5.17355494e-02  3.64536693e-02 -1.61827512e-02 -6.44046594e-02
  -5.71222129e-03  1.74090294e-02 -2.66546732e-02  1.16706571e-03
   3.10846334e-02 -4.29501802e-02 -3.44792582e-02 -1.73602862e-02
   1.51398531e-02 -2.24636804e-02  3.04783657e-02 -6.57803020e-03
   3.72253533e-03 -2.06737349e-02  1.54291386e-02 -2.35043635e-02
  -4.80544244e-03 -1.91245379e-02 -4.17648178e-02]
 [-1.10790129e-02 -1.91543406e-02  1.05801453e-02  9.38606247e-03
  -1.33269729e-02  1.93354341e-02 -3.81641989e-03 -2.91688186e-02
  -1.43597259e-02  2.73615434e-02 -3.38308241e-02 -3.63703340e-03
   6.73491159e-03 -1.05677965e-02 -3.31007161e-02 -8.69387231e-03
   1.50266802e-02 -2.23028677e-02  1.30226695e-02  6.08087542e-03
   1.52020225e-02  1.47358098e-02 -4.22680536e-03 -1.87709005e-02
  -5.78039626e-03 -1.72306435e-02 -2.10996956e-02]
 [ 4.75344973e-02  5.59884773e-02 -5.17355494e-02 -1.33269729e-02
   9.26216986e-02 -5.53353998e-02  3.24918202e-02  9.79748962e-02
   4.49463177e-03 -1.38177823e-02  4.27082087e-02 -1.41443889e-02
  -5.65822751e-02  6.72214976e-02  3.91389278e-02  2.46940735e-02
  -2.63809397e-02  2.07050434e-02 -5.39534702e-02  2.01668361e-02
  -1.60071216e-02  3.54285498e-02 -3.58287925e-02  4.00434869e-02
   4.93084903e-03  3.18831378e-02  6.26931979e-02]
 [-4.44907252e-02 -5.22845468e-02  3.64536693e-02  1.93354341e-02
  -5.53353998e-02  6.09000892e-02 -2.69230870e-02 -8.07057178e-02
  -2.48464935e-02  3.25165531e-02 -9.31759935e-02 -1.81661726e-03
   4.60293596e-02 -4.39183762e-02 -6.87638612e-02 -2.73464757e-02
   2.39347476e-02 -3.12573255e-02  5.22676264e-02  4.06144910e-03
   2.55642865e-02  4.98753326e-03  1.47182503e-02 -4.05259193e-02
  -1.40478499e-02 -4.75214542e-02 -6.67823239e-02]
 [ 2.26706926e-02  1.85128014e-02 -1.61827512e-02 -3.81641989e-03
   3.24918202e-02 -2.69230870e-02  2.59493381e-02  2.38749504e-02
   7.79292877e-05  1.42875416e-02  3.17588169e-02 -5.79500558e-03
  -3.44279742e-02  2.81433945e-02  1.12660501e-02  9.53212374e-03
   7.38661280e-03 -9.03736523e-03 -2.97616189e-02  7.94474975e-03
   5.86278093e-04  2.50061154e-02 -2.09588174e-02  4.02355366e-03
   1.83361867e-03  1.80847006e-02  2.56664103e-02]
 [ 6.16720043e-02  9.10322555e-02 -6.44046594e-02 -2.91688186e-02
   9.79748962e-02 -8.07057178e-02  2.38749504e-02  1.53592677e-01
   3.69118669e-02 -8.04749724e-02  1.03234837e-01 -3.41177306e-03
  -5.08921040e-02  6.84242011e-02  9.88538726e-02  4.20228104e-02
  -7.27804096e-02  7.38783848e-02 -6.82717013e-02 -2.79853180e-05
  -5.57368793e-02 -1.91704146e-02 -1.70067948e-02  8.40850838e-02
   1.94315757e-02  5.68281720e-02  9.42876849e-02]
 [ 1.33222538e-02  2.84253716e-02 -5.71222129e-03 -1.43597259e-02
   4.49463177e-03 -2.48464935e-02  7.79292877e-05  3.69118669e-02
   2.87612628e-02 -4.91559109e-02  6.33090689e-02  8.06881317e-03
  -3.03413170e-04  2.13330409e-03  5.24000138e-02  1.40054288e-02
  -2.98932875e-02  3.77111136e-02 -1.63060917e-02 -1.73702565e-02
  -3.32605099e-02 -4.26832891e-02  1.51209375e-02  3.17575738e-02
   1.19905371e-02  2.71953835e-02  2.73816462e-02]
 [-7.65798743e-03 -5.46859002e-02  1.74090294e-02  2.73615434e-02
  -1.38177823e-02  3.25165531e-02  1.42875416e-02 -8.04749724e-02
  -4.91559109e-02  1.26101497e-01 -6.32921430e-02 -1.26736640e-02
  -2.04784107e-02 -7.05502992e-03 -9.81832595e-02 -1.37095430e-02
   6.99499796e-02 -9.20805520e-02  8.33743908e-03  2.32610355e-02
   6.37451391e-02  8.57563384e-02 -3.75136469e-02 -6.66780324e-02
  -1.21462733e-02 -3.45476679e-02 -3.47732895e-02]
 [ 6.90699486e-02  8.08384839e-02 -2.66546732e-02 -3.38308241e-02
   4.27082087e-02 -9.31759935e-02  3.17588169e-02  1.03234837e-01
   6.33090689e-02 -6.32921430e-02  2.11530807e-01  1.37816472e-02
  -5.47956883e-02  2.97790002e-02  1.25399165e-01  5.01001129e-02
  -4.97955035e-02  5.57761991e-02 -8.19548706e-02 -3.49315767e-02
  -6.75849044e-02 -6.40532430e-02  1.39287754e-04  7.19397713e-02
   3.67998807e-02  9.03203708e-02  1.04589919e-01]
 [-3.35569990e-03 -4.27303023e-03  1.16706571e-03 -3.63703340e-03
  -1.41443889e-02 -1.81661726e-03 -5.79500558e-03 -3.41177306e-03
   8.06881317e-03 -1.26736640e-02  1.37816472e-02  9.38928980e-03
   7.57077548e-03 -6.99857859e-03  1.57857117e-02  1.49357711e-03
   4.50906276e-04  1.06313463e-02  4.06799877e-03 -1.09525672e-02
   2.39729671e-04 -1.38521485e-02  1.20978158e-02  8.00340737e-05
   3.78320306e-03  4.11990081e-03  2.40075112e-03]
 [-4.15126721e-02 -3.26793537e-02  3.10846334e-02  6.73491159e-03
  -5.65822751e-02  4.60293596e-02 -3.44279742e-02 -5.08921040e-02
  -3.03413170e-04 -2.04784107e-02 -5.47956883e-02  7.57077548e-03
   5.70390612e-02 -4.49759466e-02 -2.31221539e-02 -1.86233427e-02
  -4.47795196e-03  8.98776144e-03  4.83454394e-02 -1.22495174e-02
  -1.38290835e-03 -3.62222965e-02  3.56220606e-02 -1.39355425e-02
  -5.86859098e-03 -3.07174060e-02 -5.04774062e-02]
 [ 3.38629948e-02  3.60619304e-02 -4.29501802e-02 -1.05677965e-02
   6.72214976e-02 -4.39183762e-02  2.81433945e-02  6.84242011e-02
   2.13330409e-03 -7.05502992e-03  2.97790002e-02 -6.99857859e-03
  -4.49759466e-02  5.54169204e-02  3.22218288e-02  1.79334836e-02
  -8.59530675e-03  1.36172002e-02 -4.03763068e-02  1.42971212e-02
  -1.81711719e-03  3.60490141e-02 -2.62116261e-02  2.15092757e-02
   2.40264716e-03  2.38203001e-02  4.71576276e-02]
 [ 3.83188441e-02  6.60057932e-02 -3.44792582e-02 -3.31007161e-02
   3.91389278e-02 -6.87638612e-02  1.12660501e-02  9.88538726e-02
   5.24000138e-02 -9.81832595e-02  1.25399165e-01  1.57857117e-02
  -2.31221539e-02  3.22218288e-02  1.21391372e-01  2.92811974e-02
  -5.00410200e-02  7.79687097e-02 -4.40733490e-02 -2.41162719e-02
  -5.20172809e-02 -5.92850202e-02  1.65247882e-02  6.51412576e-02
   2.07756669e-02  6.34878873e-02  7.53943231e-02]
 [ 2.31046971e-02  2.42442634e-02 -1.73602862e-02 -8.69387231e-03
   2.46940735e-02 -2.73464757e-02  9.53212374e-03  4.20228104e-02
   1.40054288e-02 -1.37095430e-02  5.01001129e-02  1.49357711e-03
  -1.86233427e-02  1.79334836e-02  2.92811974e-02  1.92191518e-02
  -1.94710200e-02  1.78179914e-02 -2.68370672e-02 -6.16974538e-03
  -1.65393996e-02 -5.08619250e-03 -4.76022835e-03  2.26746949e-02
   1.09358803e-02  2.08789740e-02  3.31078212e-02]
 [-1.83447875e-02 -4.77176269e-02  1.51398531e-02  1.50266802e-02
  -2.63809397e-02  2.39347476e-02  7.38661280e-03 -7.27804096e-02
  -2.98932875e-02  6.99499796e-02 -4.97955035e-02  4.50906276e-04
  -4.47795196e-03 -8.59530675e-03 -5.00410200e-02 -1.94710200e-02
   6.42243904e-02 -5.62792713e-02  1.88164430e-02  1.10027593e-02
   5.38498808e-02  5.17184174e-02 -1.20789052e-02 -5.66761489e-02
  -1.30194593e-02 -2.17529623e-02 -3.14524655e-02]
 [ 1.32916981e-02  4.39666282e-02 -2.24636804e-02 -2.23028677e-02
   2.07050434e-02 -3.12573255e-02 -9.03736523e-03  7.38783848e-02
   3.77111136e-02 -9.20805520e-02  5.57761991e-02  1.06313463e-02
   8.98776144e-03  1.36172002e-02  7.79687097e-02  1.78179914e-02
  -5.62792713e-02  7.34494409e-02 -1.38802684e-02 -1.84081628e-02
  -4.64604453e-02 -5.60035954e-02  2.52605264e-02  5.40052970e-02
   1.29966221e-02  2.86901412e-02  3.67872714e-02]
 [-4.44984325e-02 -4.58284288e-02  3.04783657e-02  1.30226695e-02
  -5.39534702e-02  5.22676264e-02 -2.97616189e-02 -6.82717013e-02
  -1.63060917e-02  8.33743908e-03 -8.19548706e-02  4.06799877e-03
   4.83454394e-02 -4.03763068e-02 -4.40733490e-02 -2.68370672e-02
   1.88164430e-02 -1.38802684e-02  5.28876975e-02 -8.81206956e-04
   2.15498480e-02 -8.08515047e-03  2.29750518e-02 -3.24486663e-02
  -1.29453074e-02 -3.93593074e-02 -5.81163276e-02]
 [ 1.41124059e-03 -1.65170183e-03 -6.57803020e-03  6.08087542e-03
   2.01668361e-02  4.06144910e-03  7.94474975e-03 -2.79853180e-05
  -1.73702565e-02  2.32610355e-02 -3.49315767e-02 -1.09525672e-02
  -1.22495174e-02  1.42971212e-02 -2.41162719e-02 -6.16974538e-03
   1.10027593e-02 -1.84081628e-02 -8.81206956e-04  1.88328791e-02
   1.39757677e-02  3.24753272e-02 -1.88593452e-02 -8.79654262e-03
  -8.71527126e-03 -9.76302272e-03 -5.25165179e-03]
 [-1.81410594e-02 -4.64481782e-02  3.72253533e-03  1.52020225e-02
  -1.60071216e-02  2.55642865e-02  5.86278093e-04 -5.57368793e-02
  -3.32605099e-02  6.37451391e-02 -6.75849044e-02  2.39729671e-04
  -1.38290835e-03 -1.81711719e-03 -5.20172809e-02 -1.65393996e-02
   5.38498808e-02 -4.64604453e-02  2.15498480e-02  1.39757677e-02
   5.63427816e-02  5.78067115e-02 -1.27928887e-02 -5.06062177e-02
  -1.30604850e-02 -2.89015663e-02 -2.89286149e-02]
 [ 6.07139680e-03 -2.62444806e-02 -2.06737349e-02  1.47358098e-02
   3.54285498e-02  4.98753326e-03  2.50061154e-02 -1.91704146e-02
  -4.26832891e-02  8.57563384e-02 -6.40532430e-02 -1.38521485e-02
  -3.62222965e-02  3.60490141e-02 -5.92850202e-02 -5.08619250e-03
   5.17184174e-02 -5.60035954e-02 -8.08515047e-03  3.24753272e-02
   5.78067115e-02  1.01715795e-01 -4.19815590e-02 -4.30083732e-02
  -1.35092609e-02 -2.22395745e-02 -6.33615725e-03]
 [-2.05843879e-02 -1.00170807e-02  1.54291386e-02 -4.22680536e-03
  -3.58287925e-02  1.47182503e-02 -2.09588174e-02 -1.70067948e-02
   1.51209375e-02 -3.75136469e-02  1.39287754e-04  1.20978158e-02
   3.56220606e-02 -2.62116261e-02  1.65247882e-02 -4.76022835e-03
  -1.20789052e-02  2.52605264e-02  2.29750518e-02 -1.88593452e-02
  -1.27928887e-02 -4.19815590e-02  3.27370169e-02  3.33214792e-03
   2.62663445e-03 -4.13876796e-03 -1.68454491e-02]
 [ 3.01604064e-02  5.65198239e-02 -2.35043635e-02 -1.87709005e-02
   4.00434869e-02 -4.05259193e-02  4.02355366e-03  8.40850838e-02
   3.17575738e-02 -6.66780324e-02  7.19397713e-02  8.00340737e-05
  -1.39355425e-02  2.15092757e-02  6.51412576e-02  2.26746949e-02
  -5.66761489e-02  5.40052970e-02 -3.24486663e-02 -8.79654262e-03
  -5.06062177e-02 -4.30083732e-02  3.33214792e-03  5.86952112e-02
   1.43158427e-02  3.54134080e-02  4.84755468e-02]
 [ 1.16378638e-02  1.26303723e-02 -4.80544244e-03 -5.78039626e-03
   4.93084903e-03 -1.40478499e-02  1.83361867e-03  1.94315757e-02
   1.19905371e-02 -1.21462733e-02  3.67998807e-02  3.78320306e-03
  -5.86859098e-03  2.40264716e-03  2.07756669e-02  1.09358803e-02
  -1.30194593e-02  1.29966221e-02 -1.29453074e-02 -8.71527126e-03
  -1.30604850e-02 -1.35092609e-02  2.62663445e-03  1.43158427e-02
   8.54863608e-03  1.37213846e-02  1.79285763e-02]
 [ 3.36770397e-02  4.24514462e-02 -1.91245379e-02 -1.72306435e-02
   3.18831378e-02 -4.75214542e-02  1.80847006e-02  5.68281720e-02
   2.71953835e-02 -3.45476679e-02  9.03203708e-02  4.11990081e-03
  -3.07174060e-02  2.38203001e-02  6.34878873e-02  2.08789740e-02
  -2.17529623e-02  2.86901412e-02 -3.93593074e-02 -9.76302272e-03
  -2.89015663e-02 -2.22395745e-02 -4.13876796e-03  3.54134080e-02
   1.37213846e-02  4.39285644e-02  5.22513718e-02]
 [ 5.17984985e-02  5.80873764e-02 -4.17648178e-02 -2.10996956e-02
   6.26931979e-02 -6.67823239e-02  2.56664103e-02  9.42876849e-02
   2.73816462e-02 -3.47732895e-02  1.04589919e-01  2.40075112e-03
  -5.04774062e-02  4.71576276e-02  7.53943231e-02  3.31078212e-02
  -3.14524655e-02  3.67872714e-02 -5.81163276e-02 -5.25165179e-03
  -2.89286149e-02 -6.33615725e-03 -1.68454491e-02  4.84755468e-02
   1.79285763e-02  5.22513718e-02  7.73245356e-02]]

x3: shape=(27, 27)
[[ 3.95046550e+01 -4.37795092e+00  7.57676706e+00 -3.13405683e+00
  -1.32566350e+00  2.01282649e+00 -1.14517829e+00 -1.57777035e+00
  -4.98796379e+00 -3.05904561e-01 -7.97268640e-01  3.12651462e+00
  -7.13996767e+00 -4.75808468e+00 -9.66168396e+00 -6.24316341e+00
   3.83445942e+00 -1.06194877e+01  3.99287876e+00  1.70819405e+00
   9.83168758e+00  1.07224994e+01  5.03832710e+00 -4.23114167e+00
   5.67959658e+00  3.99400417e-01 -5.69404379e+00]
 [-4.37795092e+00  3.60614999e+01  2.40567582e+00  1.81056057e+01
   6.31802893e-01 -9.10469307e+00 -5.39289219e+00 -3.77936611e+00
   1.33476908e+01  6.51732384e+00 -5.21017847e+00  8.76021479e+00
  -1.29997539e+01 -1.32049259e+01  2.62820718e+00 -6.28554337e+00
  -1.57924864e+00 -3.53857329e+00  1.61784596e+00  4.16188922e+00
  -1.88688090e+00 -1.27514368e+01 -4.58626650e+00  2.10119602e+00
  -6.33475521e+00 -6.23985235e-01  5.34035513e+00]
 [ 7.57676706e+00  2.40567582e+00  3.22583333e+01 -8.11123783e+00
  -4.53780514e+00 -3.99180695e+00  3.06356105e+00 -2.48706032e+00
   6.94908343e+00 -3.06491460e+00 -1.12935716e+01 -6.93297025e+00
   8.97300074e+00  9.66049786e+00  1.39145839e+01 -6.09216215e+00
   9.19984249e+00  3.90248457e+00 -2.78204003e-01  4.41860438e+00
   1.85181248e+00 -9.71801238e+00  5.56099409e+00 -5.67368950e+00
  -1.34665821e+00  2.54608179e+00  2.20746133e+00]
 [-3.13405683e+00  1.81056057e+01 -8.11123783e+00  3.93380257e+01
   2.99779058e-01 -7.19432004e+00 -4.72343543e+00 -7.27054357e+00
  -2.84205173e+00  1.13540534e+00  1.59569866e+00  1.56636723e+01
  -1.00832607e+01 -3.09633868e+00 -4.39396708e+00 -7.69363256e+00
   4.16735938e+00 -6.00454766e+00 -1.33624936e-01 -5.70864586e-01
   3.60735813e+00 -1.70718444e+01 -1.19512840e+01 -6.10077851e+00
  -5.47528729e+00 -1.17639795e+01  2.29140506e+00]
 [-1.32566350e+00  6.31802893e-01 -4.53780514e+00  2.99779058e-01
   3.91796497e+01 -5.88081981e-01  3.29983976e+00  1.42503479e+01
  -1.48660303e+01  6.55350425e+00  2.78605042e+00 -4.71683696e+00
  -1.27637780e+01  3.98368746e+00 -6.23881494e+00  5.66390774e+00
  -4.02374787e+00  5.31390970e+00  9.91643956e+00 -2.97265760e+00
  -2.24093909e+00 -1.01514768e+00  5.84746188e+00  9.38937827e+00
  -3.99781059e+00 -2.13352442e+00  3.64432640e+00]
 [ 2.01282649e+00 -9.10469307e+00 -3.99180695e+00 -7.19432004e+00
  -5.88081981e-01  3.48444824e+01  5.58273056e+00  1.32284131e+00
  -7.49442088e+00 -1.87673165e+00  3.71379501e-01 -8.46842339e+00
   1.18930826e+00 -5.75931667e+00  2.60096306e+00 -1.48451559e-01
  -1.06679360e+00 -2.03483102e+00  1.55415735e+00 -2.62773313e+00
   6.82527482e+00  1.38062586e+01 -1.20229517e+00  3.00964586e+00
   1.78996870e+01 -2.64729276e+00  5.85871668e+00]
 [-1.14517829e+00 -5.39289219e+00  3.06356105e+00 -4.72343543e+00
   3.29983976e+00  5.58273056e+00  2.71863823e+01  1.03715520e+01
  -8.36060321e-01 -1.16456609e+00  3.26600909e+00 -7.45457426e+00
   1.10310048e+01 -5.00962858e+00  8.16761569e+00  7.36225826e+00
   1.59004534e+00  1.28072970e+00 -4.88912502e+00 -8.16065151e+00
   1.05163292e+01  8.97876850e+00  5.52055484e+00 -1.27355163e+01
   1.18808492e+01  6.47079613e+00 -1.14999181e+00]
 [-1.57777035e+00 -3.77936611e+00 -2.48706032e+00 -7.27054357e+00
   1.42503479e+01  1.32284131e+00  1.03715520e+01  3.85432985e+01
  -6.98222292e+00  8.01405821e-01 -5.04923454e+00 -1.03059455e+01
  -4.68918711e+00 -6.26932414e+00  4.55271897e+00  7.46418966e+00
  -1.14086369e+01  7.50869618e-01 -4.44356220e-02  5.16264299e+00
  -7.36077599e+00  9.28532768e+00 -3.44189579e+00  1.09615753e+00
  -9.61109732e+00  1.54567736e+00 -8.43920525e+00]
 [-4.98796379e+00  1.33476908e+01  6.94908343e+00 -2.84205173e+00
  -1.48660303e+01 -7.49442088e+00 -8.36060321e-01 -6.98222292e+00
   3.68687610e+01  4.70392749e+00 -5.20621465e+00  3.13864972e+00
   9.97001415e+00 -5.66096194e+00  1.32801200e+01 -3.64353950e+00
  -6.09760471e+00  7.63235460e+00 -2.01831757e+00 -1.18070520e+00
  -5.38582383e+00 -8.08163983e+00 -3.27659455e+00 -4.47180023e-01
  -3.84859068e+00  4.62596017e+00  2.35814751e+00]
 [-3.05904561e-01  6.51732384e+00 -3.06491460e+00  1.13540534e+00
   6.55350425e+00 -1.87673165e+00 -1.16456609e+00  8.01405821e-01
   4.70392749e+00  3.19465061e+01 -6.27483556e+00  2.01453216e+00
  -1.72718922e+01 -3.81962286e+00 -4.55171992e+00  6.66734605e+00
  -4.74229061e+00  2.91342350e-03  1.15486566e+01  2.89445389e+00
   1.17396507e+01  5.48555455e+00  2.03206861e+00  5.10953004e+00
  -2.68329013e+00 -6.89666034e+00 -4.66186814e+00]
 [-7.97268640e-01 -5.21017847e+00 -1.12935716e+01  1.59569866e+00
   2.78605042e+00  3.71379501e-01  3.26600909e+00 -5.04923454e+00
  -5.20621465e+00 -6.27483556e+00  3.57202315e+01  4.18909941e+00
   2.72148186e+00 -5.31421061e+00 -4.82959222e+00 -8.61026788e-01
   5.01653419e+00 -1.54317223e+00 -2.80332348e+00 -3.30474735e+00
  -5.13335418e+00  3.35655852e+00  1.12144544e+01 -6.18686828e+00
  -8.33825033e+00 -9.91775342e-01 -5.32031848e-01]
 [ 3.12651462e+00  8.76021479e+00 -6.93297025e+00  1.56636723e+01
  -4.71683696e+00 -8.46842339e+00 -7.45457426e+00 -1.03059455e+01
   3.13864972e+00  2.01453216e+00  4.18909941e+00  4.31718161e+01
  -6.19984189e+00 -6.80408102e+00 -5.46186976e+00 -5.06070038e+00
   8.04314628e+00 -4.99503683e+00 -7.51476216e+00 -7.64794973e+00
   2.11500359e+00 -1.65705464e+01 -9.80232648e+00  7.39546985e+00
  -3.14350119e+00 -1.51275441e+01 -9.39960728e-01]
 [-7.13996767e+00 -1.29997539e+01  8.97300074e+00 -1.00832607e+01
  -1.27637780e+01  1.18930826e+00  1.10310048e+01 -4.68918711e+00
   9.97001415e+00 -1.72718922e+01  2.72148186e+00 -6.19984189e+00
   4.85300522e+01  1.29320914e+01  1.02874264e+01 -6.27138807e-01
   8.08825921e+00  5.20621462e+00 -1.30672019e+01 -2.98454774e+00
  -6.19603952e+00 -2.39297906e+00  3.46160938e+00 -3.90696311e+00
   1.26390293e+01  5.52251546e+00  6.39829999e-01]
 [-4.75808468e+00 -1.32049259e+01  9.66049786e+00 -3.09633868e+00
   3.98368746e+00 -5.75931667e+00 -5.00962858e+00 -6.26932414e+00
  -5.66096194e+00 -3.81962286e+00 -5.31421061e+00 -6.80408102e+00
   1.29320914e+01  3.10003000e+01 -8.37671429e-01 -1.67527082e+00
   8.32073323e+00  2.21139440e+00  1.87778354e+00  1.31063387e+00
  -1.80381195e+00 -5.81273730e+00 -5.72213575e-01  4.95485804e+00
  -3.77462265e-01 -3.99984536e+00  7.95651527e+00]
 [-9.66168396e+00  2.62820718e+00  1.39145839e+01 -4.39396708e+00
  -6.23881494e+00  2.60096306e+00  8.16761569e+00  4.55271897e+00
   1.32801200e+01 -4.55171992e+00 -4.82959222e+00 -5.46186976e+00
   1.02874264e+01 -8.37671429e-01  3.12735104e+01 -1.31226153e+00
   1.01548947e+00  1.76993648e+01 -9.06986626e-01  3.05132180e-01
  -4.70936718e+00 -8.60362430e+00  2.20532855e+00 -7.09485556e+00
