Line-by-line framework comparison
atol=1e-05, rtol=1e-05
  seed: 2
  num seed values: 3
  seq length: 30
  max size: 32
================================================================================

--------------------------------------------------------------------------------
Step 0
  Symbolic: Cholesky(x7:Matrix[SPD](17, 17)) -> t0
  Result: [97;42;1m MATCH [0m

Torch
  Concrete: torch.linalg.cholesky(x7)
  Value:
    [[ 5.13888   0.        0.       ...  0.        0.        0.      ]
     [ 2.487223  4.495688  0.       ...  0.        0.        0.      ]
     [ 2.737018  2.107825  3.779738 ...  0.        0.        0.      ]
     ...
     [-1.241149 -0.10744   0.907962 ...  1.399914  0.        0.      ]
     [ 2.272988  0.336593 -0.468866 ...  0.05667   1.575691  0.      ]
     [-0.392493 -0.897505 -0.695135 ... -0.044303  0.726733  1.09779 ]]

TensorFlow
  Concrete: tf.linalg.cholesky(x7)
  Value:
    [[ 5.13888   0.        0.       ...  0.        0.        0.      ]
     [ 2.487223  4.495688  0.       ...  0.        0.        0.      ]
     [ 2.737018  2.107825  3.779738 ...  0.        0.        0.      ]
     ...
     [-1.241149 -0.10744   0.907962 ...  1.399914  0.        0.      ]
     [ 2.272988  0.336593 -0.468866 ...  0.05667   1.575691  0.      ]
     [-0.392493 -0.897505 -0.695135 ... -0.044303  0.726733  1.09779 ]]

Concrete matrix property checks:
  Inputs:
    x7:
      - shape: (17, 17)
      - square: YES
      - finite: YES
      - contains NaN: NO
      - contains Inf: NO
      - symmetric: YES
      - diagonal: NO
      - positive definite: YES
      - singular: NO
      - orthogonal: NO
      - condition number: 956.8107046044456
      - ill-conditioned (cond >= 1e+08): NO
      - rank: 17
  Outputs:
    torch t0:
      - shape: (17, 17)
      - square: YES
      - finite: YES
      - contains NaN: NO
      - contains Inf: NO
      - symmetric: NO
      - diagonal: NO
      - positive definite: NO
      - singular: NO
      - orthogonal: NO
      - condition number: 30.932356919646857
      - ill-conditioned (cond >= 1e+08): NO
      - rank: 17
    tf t0:
      - shape: (17, 17)
      - square: YES
      - finite: YES
      - contains NaN: NO
      - contains Inf: NO
      - symmetric: NO
      - diagonal: NO
      - positive definite: NO
      - singular: NO
      - orthogonal: NO
      - condition number: 30.932356919646892
      - ill-conditioned (cond >= 1e+08): NO
      - rank: 17

--------------------------------------------------------------------------------
Step 1
  Symbolic: Add(t0:Matrix[Random](17, 17), x6:Matrix[SPD](17, 17)) -> t1
  Result: [97;42;1m MATCH [0m

Torch
  Concrete: torch.add(t0, x6)
  Value:
    [[29.442805  5.891533  4.082665 ... -6.952591 -9.293466  0.835316]
     [ 8.378756 35.086532  0.540904 ... -4.993282 -3.643831  2.946064]
     [ 6.819683  2.648729 24.679425 ...  1.633623  3.728066 -3.316944]
     ...
     [-8.19374  -5.100722  2.541585 ... 22.976261  7.414703 -1.793591]
     [-7.020478 -3.307238  3.2592   ...  7.471373 23.082468 -6.251153]
     [ 0.442823  2.048559 -4.012079 ... -1.837894 -5.52442  35.879221]]

TensorFlow
  Concrete: tf.add(t0, x6)
  Value:
    [[29.442805  5.891533  4.082665 ... -6.952591 -9.293466  0.835316]
     [ 8.378756 35.086532  0.540904 ... -4.993282 -3.643831  2.946064]
     [ 6.819683  2.648729 24.679425 ...  1.633623  3.728066 -3.316944]
     ...
     [-8.19374  -5.100722  2.541585 ... 22.976261  7.414703 -1.793591]
     [-7.020478 -3.307238  3.2592   ...  7.471373 23.082468 -6.251153]
     [ 0.442823  2.048559 -4.012079 ... -1.837894 -5.52442  35.879221]]

Concrete matrix property checks:
  Inputs:
    t0:
      - shape: (17, 17)
      - square: YES
      - finite: YES
      - contains NaN: NO
      - contains Inf: NO
      - symmetric: NO
      - diagonal: NO
      - positive definite: NO
      - singular: NO
      - orthogonal: NO
      - condition number: 30.932356919646857
      - ill-conditioned (cond >= 1e+08): NO
      - rank: 17
    x6:
      - shape: (17, 17)
      - square: YES
      - finite: YES
      - contains NaN: NO
      - contains Inf: NO
      - symmetric: YES
      - diagonal: NO
      - positive definite: YES
      - singular: NO
      - orthogonal: NO
      - condition number: 3060.8559797499406
      - ill-conditioned (cond >= 1e+08): NO
      - rank: 17
  Outputs:
    torch t1:
      - shape: (17, 17)
      - square: YES
      - finite: YES
      - contains NaN: NO
      - contains Inf: NO
      - symmetric: NO
      - diagonal: NO
      - positive definite: YES
      - singular: NO
      - orthogonal: NO
      - condition number: 32.82736756360805
      - ill-conditioned (cond >= 1e+08): NO
      - rank: 17
    tf t1:
      - shape: (17, 17)
      - square: YES
      - finite: YES
      - contains NaN: NO
      - contains Inf: NO
      - symmetric: NO
      - diagonal: NO
      - positive definite: YES
      - singular: NO
      - orthogonal: NO
      - condition number: 32.82736756360804
      - ill-conditioned (cond >= 1e+08): NO
      - rank: 17

--------------------------------------------------------------------------------
Step 2
  Symbolic: LogDet(x10:Matrix[Symmetric](26, 26)) -> t2
  Result: [97;41;1m MISMATCH [0m

Torch
  Concrete: torch.linalg.logdet(x10)
  Value:
    27.5741073246355

TensorFlow
  Concrete: tf.linalg.logdet(x10)
  Value:
    nan

Concrete matrix property checks:
  Inputs:
    x10:
      - shape: (26, 26)
      - square: YES
      - finite: YES
      - contains NaN: NO
      - contains Inf: NO
      - symmetric: YES
      - diagonal: NO
      - positive definite: NO
      - singular: NO
      - orthogonal: NO
      - condition number: 39.49309712999065
      - ill-conditioned (cond >= 1e+08): NO
      - rank: 26
  Outputs:
    torch t2:
      - not a matrix value (ndim=0)
    tf t2:
      - not a matrix value (ndim=0)

[97;41;1m Difference: [0m
  max abs diff: nan
  first mismatch index: ()
  torch: 27.5741073246355
  tf:    nan

Assumption checks:
  API-specified assumptions:
    PyTorch:
      - square matrix (determinant is only defined for square matrices): PASS
      - floating/complex dtype (logdet is a numerical linear algebra operation): PASS
      - determinant nonzero for finite output (det(A)=0 makes log(det(A)) singular / -inf): PASS
      - determinant positive for finite real logdet (real log(x) requires x > 0): PASS
    TensorFlow:
      - square matrix (TensorFlow requires shape [..., M, M]): PASS
      - floating/complex dtype (TensorFlow only accepts float/complex matrix dtypes): PASS
      - Hermitian/symmetric positive definite (TensorFlow logdet only supports HPD matrices): [97;41;1m FAIL [0m
  Implied mathematical/numerical assumptions:
    - determinant nonzero (zero determinant means the matrix is singular): PASS
    - determinant positive (needed for a finite real-valued log(det(A))): PASS
    - symmetric/Hermitian-real (relevant because HPD implies symmetry/Hermitian structure): PASS
    - positive definite (all eigenvalues must be positive for Cholesky/HPD assumptions): [97;41;1m FAIL [0m
    - well-conditioned, cond(A) < 1e8 (large condition number means numerical instability is more likely): PASS
    - det(A) (raw determinant used to interpret logdet behavior): 944675505110.0278
    - cond(A) (condition number used as a numerical stability diagnostic): 39.49309712999065

--------------------------------------------------------------------------------
Step 3
  Symbolic: LogDet(t1:Matrix[Random](17, 17)) -> t3
  Result: [97;41;1m MISMATCH [0m

Torch
  Concrete: torch.linalg.logdet(t1)
  Value:
    48.67773285170378

TensorFlow
  Concrete: tf.linalg.logdet(t1)
  Value:
    46.07130561119296

Concrete matrix property checks:
  Inputs:
    t1:
      - shape: (17, 17)
      - square: YES
      - finite: YES
      - contains NaN: NO
      - contains Inf: NO
      - symmetric: NO
      - diagonal: NO
      - positive definite: YES
      - singular: NO
      - orthogonal: NO
      - condition number: 32.82736756360805
      - ill-conditioned (cond >= 1e+08): NO
      - rank: 17
  Outputs:
    torch t3:
      - not a matrix value (ndim=0)
    tf t3:
      - not a matrix value (ndim=0)

[97;41;1m Difference: [0m
  max abs diff: 2.6064272405108184
  first mismatch index: ()
  torch: 48.67773285170378
  tf:    46.07130561119296

Assumption checks:
  API-specified assumptions:
    PyTorch:
      - square matrix (determinant is only defined for square matrices): PASS
      - floating/complex dtype (logdet is a numerical linear algebra operation): PASS
      - determinant nonzero for finite output (det(A)=0 makes log(det(A)) singular / -inf): PASS
      - determinant positive for finite real logdet (real log(x) requires x > 0): PASS
    TensorFlow:
      - square matrix (TensorFlow requires shape [..., M, M]): PASS
      - floating/complex dtype (TensorFlow only accepts float/complex matrix dtypes): PASS
      - Hermitian/symmetric positive definite (TensorFlow logdet only supports HPD matrices): [97;41;1m FAIL [0m
  Implied mathematical/numerical assumptions:
    - determinant nonzero (zero determinant means the matrix is singular): PASS
    - determinant positive (needed for a finite real-valued log(det(A))): PASS
    - symmetric/Hermitian-real (relevant because HPD implies symmetry/Hermitian structure): [97;41;1m FAIL [0m
    - positive definite (all eigenvalues must be positive for Cholesky/HPD assumptions): PASS
    - well-conditioned, cond(A) < 1e8 (large condition number means numerical instability is more likely): PASS
    - det(A) (raw determinant used to interpret logdet behavior): 1.3818813928438817e+21
    - cond(A) (condition number used as a numerical stability diagnostic): 32.82736756360805

--------------------------------------------------------------------------------
Step 4
  Symbolic: MatMul(x11:Matrix[Diagonal](26, 26), x14:Matrix[Random](26, 26)) -> t4
  Result: [97;42;1m MATCH [0m

Torch
  Concrete: torch.matmul(x11, x14)
  Value:
    [[-0.293437  2.875576  1.373261 ...  3.32168   1.805717 -2.483459]
     [-0.360802  2.009558  0.702166 ... -1.102728  1.216381 -0.049508]
     [-0.366498  0.950833 -0.547999 ...  1.403561  0.126855 -1.412778]
     ...
     [ 1.630433 -0.364939  0.080012 ...  0.548592  1.630827  0.826915]
     [ 1.801634  2.104468 -3.245842 ... -3.205616  2.311388 -0.426082]
     [ 2.711975  3.497758  2.149074 ...  0.991968  0.184317 -0.895153]]

TensorFlow
  Concrete: tf.linalg.matmul(x11, x14)
  Value:
    [[-0.293437  2.875576  1.373261 ...  3.32168   1.805717 -2.483459]
     [-0.360802  2.009558  0.702166 ... -1.102728  1.216381 -0.049508]
     [-0.366498  0.950833 -0.547999 ...  1.403561  0.126855 -1.412778]
     ...
     [ 1.630433 -0.364939  0.080012 ...  0.548592  1.630827  0.826915]
     [ 1.801634  2.104468 -3.245842 ... -3.205616  2.311388 -0.426082]
     [ 2.711975  3.497758  2.149074 ...  0.991968  0.184317 -0.895153]]

Concrete matrix property checks:
  Inputs:
    x11:
      - shape: (26, 26)
      - square: YES
      - finite: YES
      - contains NaN: NO
      - contains Inf: NO
      - symmetric: YES
      - diagonal: YES
      - positive definite: YES
      - singular: NO
      - orthogonal: NO
      - condition number: 3.9315741313746915
      - ill-conditioned (cond >= 1e+08): NO
      - rank: 26
    x14:
      - shape: (26, 26)
      - square: YES
      - finite: YES
      - contains NaN: NO
      - contains Inf: NO
      - symmetric: NO
      - diagonal: NO
      - positive definite: NO
      - singular: NO
      - orthogonal: NO
      - condition number: 51.24174348388514
      - ill-conditioned (cond >= 1e+08): NO
      - rank: 26
  Outputs:
    torch t4:
      - shape: (26, 26)
      - square: YES
      - finite: YES
      - contains NaN: NO
      - contains Inf: NO
      - symmetric: NO
      - diagonal: NO
      - positive definite: NO
      - singular: NO
      - orthogonal: NO
      - condition number: 100.32045581006112
      - ill-conditioned (cond >= 1e+08): NO
      - rank: 26
    tf t4:
      - shape: (26, 26)
      - square: YES
      - finite: YES
      - contains NaN: NO
      - contains Inf: NO
      - symmetric: NO
      - diagonal: NO
      - positive definite: NO
      - singular: NO
      - orthogonal: NO
      - condition number: 100.32045581006112
      - ill-conditioned (cond >= 1e+08): NO
      - rank: 26

--------------------------------------------------------------------------------
Step 5
  Symbolic: Transpose(x6:Matrix[SPD](17, 17)) -> t5
  Result: [97;42;1m MATCH [0m

Torch
  Concrete: torch.transpose(x6, 0, 1)
  Value:
    [[24.303925  5.891533  4.082665 ... -6.952591 -9.293466  0.835316]
     [ 5.891533 30.590844  0.540904 ... -4.993282 -3.643831  2.946064]
     [ 4.082665  0.540904 20.899687 ...  1.633623  3.728066 -3.316944]
     ...
     [-6.952591 -4.993282  1.633623 ... 21.576348  7.414703 -1.793591]
     [-9.293466 -3.643831  3.728066 ...  7.414703 21.506778 -6.251153]
     [ 0.835316  2.946064 -3.316944 ... -1.793591 -6.251153 34.781431]]

TensorFlow
  Concrete: tf.transpose(x6, perm=[1, 0])
  Value:
    [[24.303925  5.891533  4.082665 ... -6.952591 -9.293466  0.835316]
     [ 5.891533 30.590844  0.540904 ... -4.993282 -3.643831  2.946064]
     [ 4.082665  0.540904 20.899687 ...  1.633623  3.728066 -3.316944]
     ...
     [-6.952591 -4.993282  1.633623 ... 21.576348  7.414703 -1.793591]
     [-9.293466 -3.643831  3.728066 ...  7.414703 21.506778 -6.251153]
     [ 0.835316  2.946064 -3.316944 ... -1.793591 -6.251153 34.781431]]

Concrete matrix property checks:
  Inputs:
    x6:
      - shape: (17, 17)
      - square: YES
      - finite: YES
      - contains NaN: NO
      - contains Inf: NO
      - symmetric: YES
      - diagonal: NO
      - positive definite: YES
      - singular: NO
      - orthogonal: NO
      - condition number: 3060.8559797499406
      - ill-conditioned (cond >= 1e+08): NO
      - rank: 17
  Outputs:
    torch t5:
      - shape: (17, 17)
      - square: YES
      - finite: YES
      - contains NaN: NO
      - contains Inf: NO
      - symmetric: YES
      - diagonal: NO
      - positive definite: YES
      - singular: NO
      - orthogonal: NO
      - condition number: 3060.8559797499406
      - ill-conditioned (cond >= 1e+08): NO
      - rank: 17
    tf t5:
      - shape: (17, 17)
      - square: YES
      - finite: YES
      - contains NaN: NO
      - contains Inf: NO
      - symmetric: YES
      - diagonal: NO
      - positive definite: YES
      - singular: NO
      - orthogonal: NO
      - condition number: 3060.8559797499406
      - ill-conditioned (cond >= 1e+08): NO
      - rank: 17

--------------------------------------------------------------------------------
Step 6
  Symbolic: MatMul(x9:Matrix[Random](17, 17), x7:Matrix[SPD](17, 17)) -> t6
  Result: [97;42;1m MATCH [0m

Torch
  Concrete: torch.matmul(x9, x7)
  Value:
    [[ 35.366692  34.469401  49.314118 ... -35.612634  23.16884  -49.662608]
     [ 29.367425   6.43398   48.716562 ...   2.145844  42.300963 -31.408445]
     [ 22.664365  22.121932 -21.320722 ... -10.011348 -17.46797   14.470593]
     ...
     [-23.806646  -3.469082   6.408282 ...  -3.648376  16.328724 -31.016654]
     [-10.706962 -45.517216 -26.735454 ...  48.222665 -62.25108   -5.629591]
     [-57.353753 -88.043874 -81.031922 ...  14.200938   1.494632  -5.175297]]

TensorFlow
  Concrete: tf.linalg.matmul(x9, x7)
  Value:
    [[ 35.366692  34.469401  49.314118 ... -35.612634  23.16884  -49.662608]
     [ 29.367425   6.43398   48.716562 ...   2.145844  42.300963 -31.408445]
     [ 22.664365  22.121932 -21.320722 ... -10.011348 -17.46797   14.470593]
     ...
     [-23.806646  -3.469082   6.408282 ...  -3.648376  16.328724 -31.016654]
     [-10.706962 -45.517216 -26.735454 ...  48.222665 -62.25108   -5.629591]
     [-57.353753 -88.043874 -81.031922 ...  14.200938   1.494632  -5.175297]]

Concrete matrix property checks:
  Inputs:
    x9:
      - shape: (17, 17)
      - square: YES
      - finite: YES
      - contains NaN: NO
      - contains Inf: NO
      - symmetric: NO
      - diagonal: NO
      - positive definite: NO
      - singular: NO
      - orthogonal: NO
      - condition number: 15.65604758901965
      - ill-conditioned (cond >= 1e+08): NO
      - rank: 17
    x7:
      - shape: (17, 17)
      - square: YES
      - finite: YES
      - contains NaN: NO
      - contains Inf: NO
      - symmetric: YES
      - diagonal: NO
      - positive definite: YES
      - singular: NO
      - orthogonal: NO
      - condition number: 956.8107046044456
      - ill-conditioned (cond >= 1e+08): NO
      - rank: 17
  Outputs:
    torch t6:
      - shape: (17, 17)
      - square: YES
      - finite: YES
      - contains NaN: NO
      - contains Inf: NO
      - symmetric: NO
      - diagonal: NO
      - positive definite: NO
      - singular: NO
      - orthogonal: NO
      - condition number: 2497.929746831967
      - ill-conditioned (cond >= 1e+08): NO
      - rank: 17
    tf t6:
      - shape: (17, 17)
      - square: YES
      - finite: YES
      - contains NaN: NO
      - contains Inf: NO
      - symmetric: NO
      - diagonal: NO
      - positive definite: NO
      - singular: NO
      - orthogonal: NO
      - condition number: 2497.9297468318073
      - ill-conditioned (cond >= 1e+08): NO
      - rank: 17

--------------------------------------------------------------------------------
Step 7
  Symbolic: MatMul(t0:Matrix[Random](17, 17), x9:Matrix[Random](17, 17)) -> t7
  Result: [97;42;1m MATCH [0m

Torch
  Concrete: torch.matmul(t0, x9)
  Value:
    [[  1.545073   0.468326   5.031535 ...   3.420471  -5.578185  -5.670325]
     [  3.221252  -3.025243   7.913085 ...  -0.642415  -3.739957  -5.650606]
     [  9.412986   4.452712  -0.756057 ...  -0.718212 -10.650912   2.513586]
     ...
     [  0.228045  -8.223127  -1.957924 ...  -0.760672   0.412465  -1.334709]
     [  9.867763   1.761156   9.331451 ...   5.528161  -7.470778 -11.122597]
     [  2.085908   5.320722   0.319968 ...  -4.086876  -1.239536   2.539532]]

TensorFlow
  Concrete: tf.linalg.matmul(t0, x9)
  Value:
    [[  1.545073   0.468326   5.031535 ...   3.420471  -5.578185  -5.670325]
     [  3.221252  -3.025243   7.913085 ...  -0.642415  -3.739957  -5.650606]
     [  9.412986   4.452712  -0.756057 ...  -0.718212 -10.650912   2.513586]
     ...
     [  0.228045  -8.223127  -1.957924 ...  -0.760672   0.412465  -1.334709]
     [  9.867763   1.761156   9.331451 ...   5.528161  -7.470778 -11.122597]
     [  2.085908   5.320722   0.319968 ...  -4.086876  -1.239536   2.539532]]

Concrete matrix property checks:
  Inputs:
    t0:
      - shape: (17, 17)
      - square: YES
      - finite: YES
      - contains NaN: NO
      - contains Inf: NO
      - symmetric: NO
      - diagonal: NO
      - positive definite: NO
      - singular: NO
      - orthogonal: NO
      - condition number: 30.932356919646857
      - ill-conditioned (cond >= 1e+08): NO
      - rank: 17
    x9:
      - shape: (17, 17)
      - square: YES
      - finite: YES
      - contains NaN: NO
      - contains Inf: NO
      - symmetric: NO
      - diagonal: NO
      - positive definite: NO
      - singular: NO
      - orthogonal: NO
      - condition number: 15.65604758901965
      - ill-conditioned (cond >= 1e+08): NO
      - rank: 17
  Outputs:
    torch t7:
      - shape: (17, 17)
      - square: YES
      - finite: YES
      - contains NaN: NO
      - contains Inf: NO
      - symmetric: NO
      - diagonal: NO
      - positive definite: NO
      - singular: NO
      - orthogonal: NO
      - condition number: 86.80219197895138
      - ill-conditioned (cond >= 1e+08): NO
      - rank: 17
    tf t7:
      - shape: (17, 17)
      - square: YES
      - finite: YES
      - contains NaN: NO
      - contains Inf: NO
      - symmetric: NO
      - diagonal: NO
      - positive definite: NO
      - singular: NO
      - orthogonal: NO
      - condition number: 86.80219197895084
      - ill-conditioned (cond >= 1e+08): NO
      - rank: 17

--------------------------------------------------------------------------------
Step 8
  Symbolic: LogDet(t7:Matrix[Random](17, 17)) -> t8
  Result: [97;41;1m MISMATCH [0m

Torch
  Concrete: torch.linalg.logdet(t7)
  Value:
    37.92920344204792

TensorFlow
  Concrete: tf.linalg.logdet(t7)
  Value:
    nan

Concrete matrix property checks:
  Inputs:
    t7:
      - shape: (17, 17)
      - square: YES
      - finite: YES
      - contains NaN: NO
      - contains Inf: NO
      - symmetric: NO
      - diagonal: NO
      - positive definite: NO
      - singular: NO
      - orthogonal: NO
      - condition number: 86.80219197895138
      - ill-conditioned (cond >= 1e+08): NO
      - rank: 17
  Outputs:
    torch t8:
      - not a matrix value (ndim=0)
    tf t8:
      - not a matrix value (ndim=0)

[97;41;1m Difference: [0m
  max abs diff: nan
  first mismatch index: ()
  torch: 37.92920344204792
  tf:    nan

Assumption checks:
  API-specified assumptions:
    PyTorch:
      - square matrix (determinant is only defined for square matrices): PASS
      - floating/complex dtype (logdet is a numerical linear algebra operation): PASS
      - determinant nonzero for finite output (det(A)=0 makes log(det(A)) singular / -inf): PASS
      - determinant positive for finite real logdet (real log(x) requires x > 0): PASS
    TensorFlow:
      - square matrix (TensorFlow requires shape [..., M, M]): PASS
      - floating/complex dtype (TensorFlow only accepts float/complex matrix dtypes): PASS
      - Hermitian/symmetric positive definite (TensorFlow logdet only supports HPD matrices): [97;41;1m FAIL [0m
  Implied mathematical/numerical assumptions:
    - determinant nonzero (zero determinant means the matrix is singular): PASS
    - determinant positive (needed for a finite real-valued log(det(A))): PASS
    - symmetric/Hermitian-real (relevant because HPD implies symmetry/Hermitian structure): [97;41;1m FAIL [0m
    - positive definite (all eigenvalues must be positive for Cholesky/HPD assumptions): [97;41;1m FAIL [0m
    - well-conditioned, cond(A) < 1e8 (large condition number means numerical instability is more likely): PASS
    - det(A) (raw determinant used to interpret logdet behavior): 2.967862373582345e+16
    - cond(A) (condition number used as a numerical stability diagnostic): 86.80219197895138

--------------------------------------------------------------------------------
Step 9
  Symbolic: Softmax(t1:Matrix[Random](17, 17)) -> t9
  Result: [97;42;1m MATCH [0m

Torch
  Concrete: torch.nn.functional.softmax(t1, dim=-1)
  Value:
    [[9.999988e-01 5.913058e-11 9.687924e-12 ... 1.561996e-16 1.503317e-17
      3.766388e-13]
     [2.517448e-12 1.000000e+00 9.931724e-16 ... 3.922458e-18 1.512228e-17
      1.100455e-14]
     [1.752316e-08 2.705142e-10 9.999999e-01 ... 9.802466e-11 7.960497e-10
      6.939547e-13]
     ...
     [2.904292e-14 6.402076e-13 1.334543e-09 ... 9.999989e-01 1.744620e-07
      1.748192e-11]
     [8.441013e-14 3.459667e-12 2.459247e-09 ... 1.660067e-07 9.998571e-01
      1.821831e-13]
     [4.075378e-16 2.030159e-15 4.736183e-18 ... 4.165479e-17 1.043824e-18
      9.999999e-01]]

TensorFlow
  Concrete: tf.nn.softmax(t1, axis=-1)
  Value:
    [[9.999988e-01 5.913058e-11 9.687924e-12 ... 1.561996e-16 1.503317e-17
      3.766388e-13]
     [2.517448e-12 1.000000e+00 9.931724e-16 ... 3.922458e-18 1.512228e-17
      1.100455e-14]
     [1.752316e-08 2.705142e-10 9.999999e-01 ... 9.802466e-11 7.960497e-10
      6.939547e-13]
     ...
     [2.904292e-14 6.402076e-13 1.334543e-09 ... 9.999989e-01 1.744620e-07
      1.748192e-11]
     [8.441013e-14 3.459667e-12 2.459247e-09 ... 1.660067e-07 9.998571e-01
      1.821831e-13]
     [4.075378e-16 2.030159e-15 4.736183e-18 ... 4.165479e-17 1.043824e-18
      9.999999e-01]]

Concrete matrix property checks:
  Inputs:
    t1:
      - shape: (17, 17)
      - square: YES
      - finite: YES
      - contains NaN: NO
      - contains Inf: NO
      - symmetric: NO
      - diagonal: NO
      - positive definite: YES
      - singular: NO
      - orthogonal: NO
      - condition number: 32.82736756360805
      - ill-conditioned (cond >= 1e+08): NO
      - rank: 17
  Outputs:
    torch t9:
      - shape: (17, 17)
      - square: YES
      - finite: YES
      - contains NaN: NO
      - contains Inf: NO
      - symmetric: NO
      - diagonal: NO
      - positive definite: YES
      - singular: NO
      - orthogonal: NO
      - condition number: 1.0634684350064325
      - ill-conditioned (cond >= 1e+08): NO
      - rank: 17
    tf t9:
      - shape: (17, 17)
      - square: YES
      - finite: YES
      - contains NaN: NO
      - contains Inf: NO
      - symmetric: NO
      - diagonal: NO
      - positive definite: YES
      - singular: NO
      - orthogonal: NO
      - condition number: 1.0634684350064332
      - ill-conditioned (cond >= 1e+08): NO
      - rank: 17

--------------------------------------------------------------------------------
Step 10
  Symbolic: Cholesky(t6:Matrix[Random](17, 17)) -> t10
  Result: [97;41;1m MISMATCH [0m

Torch
  Concrete: torch.linalg.cholesky(t6)
  Value:
    CRASH[torch] step=10 op=Cholesky(t6) _LinAlgError: linalg.cholesky: The factorization could not be completed because the input is not positive-definite (the leading minor of order 2 is not positive-definite).

TensorFlow
  Concrete: tf.linalg.cholesky(t6)
  Value:
    [[     nan 0.       0.       ... 0.999999 0.999999 0.999999]
     [     nan      nan 0.999999 ... 1.       1.       1.      ]
     [     nan      nan      nan ... 1.       1.       1.      ]
     ...
     [     nan      nan      nan ...      nan 0.999999 0.999999]
     [     nan      nan      nan ...      nan      nan 0.999857]
     [     nan      nan      nan ...      nan      nan      nan]]

Concrete matrix property checks:
  Inputs:
    t6:
      - shape: (17, 17)
      - square: YES
      - finite: YES
      - contains NaN: NO
      - contains Inf: NO
      - symmetric: NO
      - diagonal: NO
      - positive definite: NO
      - singular: NO
      - orthogonal: NO
      - condition number: 2497.929746831967
      - ill-conditioned (cond >= 1e+08): NO
      - rank: 17
  Outputs:
    torch t10:
      - crashed: YES
    tf t10:
      - shape: (17, 17)
      - square: YES
      - finite: NO
      - contains NaN: YES
      - contains Inf: NO
      - symmetric: NO
      - diagonal: NO
      - positive definite: NO
      - singular: UNKNOWN
      - orthogonal: NO
      - condition number: UNKNOWN/INF
      - ill-conditioned: UNKNOWN
      - rank: UNKNOWN

[97;41;1m Difference: [0m
  only one framework crashed
  torch: CRASH[torch] step=10 op=Cholesky(t6) _LinAlgError: linalg.cholesky: The factorization could not be completed because the input is not positive-definite (the leading minor of order 2 is not positive-definite).
  tf:    [[     nan 0.       0.       ... 0.999999 0.999999 0.999999]
   [     nan      nan 0.999999 ... 1.       1.       1.      ]
   [     nan      nan      nan ... 1.       1.       1.      ]
   ...
   [     nan      nan      nan ...      nan 0.999999 0.999999]
   [     nan      nan      nan ...      nan      nan 0.999857]
   [     nan      nan      nan ...      nan      nan      nan]]

Assumption checks:
  API-specified assumptions:
    PyTorch:
      - square matrix (Cholesky decomposes square matrices): PASS
      - floating/complex dtype (Cholesky is defined over real/complex numerical matrices): PASS
      - symmetric/Hermitian (Cholesky assumes real symmetric or complex Hermitian input): [97;41;1m FAIL [0m
      - positive definite (Cholesky requires all eigenvalues to be positive): [97;41;1m FAIL [0m
    TensorFlow:
      - square matrix (TensorFlow Cholesky expects square inner matrix dimensions): PASS
      - floating/complex dtype (Cholesky is a numerical factorization): PASS
      - symmetric/Hermitian (TensorFlow Cholesky assumes symmetric/Hermitian input): [97;41;1m FAIL [0m
      - positive definite (TensorFlow Cholesky requires positive definiteness): [97;41;1m FAIL [0m
  Implied mathematical/numerical assumptions:
    - well-conditioned, cond(A) < 1e8 (ill-conditioned matrices can amplify numerical error): PASS
    - cond(A) (condition number used as a numerical stability diagnostic): 2497.929746831967

--------------------------------------------------------------------------------
Step 11
  Symbolic: Solve(t9:Matrix[Random](17, 17), t10:Matrix[Random](17, 17)) -> t11
  Result: [97;41;1m MISMATCH [0m

Torch
  Concrete: torch.linalg.solve(t9, t10)
  Value:
    CRASH[torch] step=11 op=Solve(t9, t10) UpstreamCrash: operation skipped because input(s) already crashed: t10

TensorFlow
  Concrete: tf.linalg.solve(t9, t10)
  Value:
    [[nan nan nan ... nan nan nan]
     [nan nan nan ... nan nan nan]
     [nan nan nan ... nan nan nan]
     ...
     [nan nan nan ... nan nan nan]
     [nan nan nan ... nan nan nan]
     [nan nan nan ... nan nan nan]]

Concrete matrix property checks:
  Inputs:
    t9:
      - shape: (17, 17)
      - square: YES
      - finite: YES
      - contains NaN: NO
      - contains Inf: NO
      - symmetric: NO
      - diagonal: NO
      - positive definite: YES
      - singular: NO
      - orthogonal: NO
      - condition number: 1.0634684350064325
      - ill-conditioned (cond >= 1e+08): NO
      - rank: 17
    t10:
      - crashed: YES
  Outputs:
    torch t11:
      - crashed: YES
    tf t11:
      - shape: (17, 17)
      - square: YES
      - finite: NO
      - contains NaN: YES
      - contains Inf: NO
      - symmetric: YES
      - diagonal: NO
      - positive definite: NO
      - singular: UNKNOWN
      - orthogonal: NO
      - condition number: UNKNOWN/INF
      - ill-conditioned: UNKNOWN
      - rank: UNKNOWN

[97;41;1m Difference: [0m
  only one framework crashed
  torch: CRASH[torch] step=11 op=Solve(t9, t10) UpstreamCrash: operation skipped because input(s) already crashed: t10
  tf:    [[nan nan nan ... nan nan nan]
   [nan nan nan ... nan nan nan]
   [nan nan nan ... nan nan nan]
   ...
   [nan nan nan ... nan nan nan]
   [nan nan nan ... nan nan nan]
   [nan nan nan ... nan nan nan]]

--------------------------------------------------------------------------------
Step 12
  Symbolic: LogDet(t9:Matrix[Random](17, 17)) -> t12
  Result: [97;42;1m MATCH [0m

Torch
  Concrete: torch.linalg.logdet(t9)
  Value:
    -0.04372576673986423

TensorFlow
  Concrete: tf.linalg.logdet(t9)
  Value:
    -0.0437257853056362

Concrete matrix property checks:
  Inputs:
    t9:
      - shape: (17, 17)
      - square: YES
      - finite: YES
      - contains NaN: NO
      - contains Inf: NO
      - symmetric: NO
      - diagonal: NO
      - positive definite: YES
      - singular: NO
      - orthogonal: NO
      - condition number: 1.0634684350064325
      - ill-conditioned (cond >= 1e+08): NO
      - rank: 17
  Outputs:
    torch t12:
      - not a matrix value (ndim=0)
    tf t12:
      - not a matrix value (ndim=0)

--------------------------------------------------------------------------------
Step 13
  Symbolic: LogDet(t0:Matrix[Random](17, 17)) -> t13
  Result: [97;41;1m MISMATCH [0m

Torch
  Concrete: torch.linalg.logdet(t0)
  Value:
    18.79817401302224

TensorFlow
  Concrete: tf.linalg.logdet(t0)
  Value:
    nan

Concrete matrix property checks:
  Inputs:
    t0:
      - shape: (17, 17)
      - square: YES
      - finite: YES
      - contains NaN: NO
      - contains Inf: NO
      - symmetric: NO
      - diagonal: NO
      - positive definite: NO
      - singular: NO
      - orthogonal: NO
      - condition number: 30.932356919646857
      - ill-conditioned (cond >= 1e+08): NO
      - rank: 17
  Outputs:
    torch t13:
      - not a matrix value (ndim=0)
    tf t13:
      - not a matrix value (ndim=0)

[97;41;1m Difference: [0m
  max abs diff: nan
  first mismatch index: ()
  torch: 18.79817401302224
  tf:    nan

Assumption checks:
  API-specified assumptions:
    PyTorch:
      - square matrix (determinant is only defined for square matrices): PASS
      - floating/complex dtype (logdet is a numerical linear algebra operation): PASS
      - determinant nonzero for finite output (det(A)=0 makes log(det(A)) singular / -inf): PASS
      - determinant positive for finite real logdet (real log(x) requires x > 0): PASS
    TensorFlow:
      - square matrix (TensorFlow requires shape [..., M, M]): PASS
      - floating/complex dtype (TensorFlow only accepts float/complex matrix dtypes): PASS
      - Hermitian/symmetric positive definite (TensorFlow logdet only supports HPD matrices): [97;41;1m FAIL [0m
  Implied mathematical/numerical assumptions:
    - determinant nonzero (zero determinant means the matrix is singular): PASS
    - determinant positive (needed for a finite real-valued log(det(A))): PASS
    - symmetric/Hermitian-real (relevant because HPD implies symmetry/Hermitian structure): [97;41;1m FAIL [0m
    - positive definite (all eigenvalues must be positive for Cholesky/HPD assumptions): [97;41;1m FAIL [0m
    - well-conditioned, cond(A) < 1e8 (large condition number means numerical instability is more likely): PASS
    - det(A) (raw determinant used to interpret logdet behavior): 145862362.58675757
    - cond(A) (condition number used as a numerical stability diagnostic): 30.932356919646857

--------------------------------------------------------------------------------
Step 14
  Symbolic: Cholesky(x8:Matrix[SPD](17, 17)) -> t14
  Result: [97;42;1m MATCH [0m

Torch
  Concrete: torch.linalg.cholesky(x8)
  Value:
    [[ 4.334303  0.        0.       ...  0.        0.        0.      ]
     [ 0.526192  4.591108  0.       ...  0.        0.        0.      ]
     [ 0.053963  0.128465  4.86743  ...  0.        0.        0.      ]
     ...
     [-1.390339 -0.953397  0.167866 ...  2.65802   0.        0.      ]
     [ 0.285134 -0.328771  0.653038 ... -0.36603   3.178634  0.      ]
     [ 0.378453  0.365196 -0.47292  ... -0.578417  2.199971  0.553166]]

TensorFlow
  Concrete: tf.linalg.cholesky(x8)
  Value:
    [[ 4.334303  0.        0.       ...  0.        0.        0.      ]
     [ 0.526192  4.591108  0.       ...  0.        0.        0.      ]
     [ 0.053963  0.128465  4.86743  ...  0.        0.        0.      ]
     ...
     [-1.390339 -0.953397  0.167866 ...  2.65802   0.        0.      ]
     [ 0.285134 -0.328771  0.653038 ... -0.36603   3.178634  0.      ]
     [ 0.378453  0.365196 -0.47292  ... -0.578417  2.199971  0.553166]]

Concrete matrix property checks:
  Inputs:
    x8:
      - shape: (17, 17)
      - square: YES
      - finite: NO
      - contains NaN: NO
      - contains Inf: YES
      - symmetric: NO
      - diagonal: NO
      - positive definite: YES
      - singular: YES
      - orthogonal: NO
      - condition number: UNKNOWN/INF
      - ill-conditioned: UNKNOWN
      - rank: 0
  Outputs:
    torch t14:
      - shape: (17, 17)
      - square: YES
      - finite: YES
      - contains NaN: NO
      - contains Inf: NO
      - symmetric: NO
      - diagonal: NO
      - positive definite: NO
      - singular: NO
      - orthogonal: NO
      - condition number: 57.57538146128861
      - ill-conditioned (cond >= 1e+08): NO
      - rank: 17
    tf t14:
      - shape: (17, 17)
      - square: YES
      - finite: YES
      - contains NaN: NO
      - contains Inf: NO
      - symmetric: NO
      - diagonal: NO
      - positive definite: NO
      - singular: NO
      - orthogonal: NO
      - condition number: 57.57538146128827
      - ill-conditioned (cond >= 1e+08): NO
      - rank: 17

--------------------------------------------------------------------------------
Step 15
  Symbolic: Solve(t7:Matrix[Random](17, 17), t7:Matrix[Random](17, 17)) -> t15
  Result: [97;42;1m MATCH [0m

Torch
  Concrete: torch.linalg.solve(t7, t7)
  Value:
    [[ 1.000000e+00  6.273693e-16  1.394578e-15 ... -1.165632e-15
      -1.422779e-15  1.252913e-15]
     [ 3.759354e-16  1.000000e+00  8.735573e-17 ... -3.931236e-17
      -4.185749e-16  1.154007e-15]
     [ 1.077052e-16  1.054305e-16  1.000000e+00 ... -9.539773e-17
      -1.633747e-16  1.142856e-15]
     ...
     [ 3.347288e-16  7.755193e-17  2.537717e-16 ...  1.000000e+00
      -4.005250e-16  5.982338e-16]
     [ 1.767866e-16  3.507995e-16  7.661086e-16 ... -8.969527e-16
       1.000000e+00 -5.223172e-16]
     [-8.074038e-17 -2.285692e-16 -5.855840e-16 ...  3.820218e-16
       7.756452e-16  1.000000e+00]]

TensorFlow
  Concrete: tf.linalg.solve(t7, t7)
  Value:
    [[ 1.000000e+00 -2.922964e-16 -1.360489e-15 ... -2.494322e-16
       3.040061e-16  1.285850e-15]
     [ 7.019056e-17  1.000000e+00  1.608774e-16 ...  2.106427e-17
       4.030835e-16 -7.096826e-17]
     [ 6.667542e-17  2.262453e-17  1.000000e+00 ... -6.186070e-17
       2.166107e-17  3.211454e-16]
     ...
     [ 2.112885e-17  2.642595e-16  1.205386e-16 ...  1.000000e+00
       2.683562e-16  6.046763e-17]
     [ 3.780241e-17 -5.531675e-17  1.307160e-17 ... -1.354972e-16
       1.000000e+00  1.213994e-15]
     [-8.065564e-17  1.545277e-16  6.407143e-16 ...  1.689020e-16
      -2.057020e-16  1.000000e+00]]

Concrete matrix property checks:
  Inputs:
    t7:
      - shape: (17, 17)
      - square: YES
      - finite: YES
      - contains NaN: NO
      - contains Inf: NO
      - symmetric: NO
      - diagonal: NO
      - positive definite: NO
      - singular: NO
      - orthogonal: NO
      - condition number: 86.80219197895138
      - ill-conditioned (cond >= 1e+08): NO
      - rank: 17
    t7:
      - shape: (17, 17)
      - square: YES
      - finite: YES
      - contains NaN: NO
      - contains Inf: NO
      - symmetric: NO
      - diagonal: NO
      - positive definite: NO
      - singular: NO
      - orthogonal: NO
      - condition number: 86.80219197895138
      - ill-conditioned (cond >= 1e+08): NO
      - rank: 17
  Outputs:
    torch t15:
      - shape: (17, 17)
      - square: YES
      - finite: YES
      - contains NaN: NO
      - contains Inf: NO
      - symmetric: YES
      - diagonal: YES
      - positive definite: YES
      - singular: NO
      - orthogonal: YES
      - condition number: 1.0000000000000047
      - ill-conditioned (cond >= 1e+08): NO
      - rank: 17
    tf t15:
      - shape: (17, 17)
      - square: YES
      - finite: YES
      - contains NaN: NO
      - contains Inf: NO
      - symmetric: YES
      - diagonal: YES
      - positive definite: YES
      - singular: NO
      - orthogonal: YES
      - condition number: 1.000000000000003
      - ill-conditioned (cond >= 1e+08): NO
      - rank: 17

--------------------------------------------------------------------------------
Step 16
  Symbolic: Transpose(t5:Matrix[SPD](17, 17)) -> t16
  Result: [97;42;1m MATCH [0m

Torch
  Concrete: torch.transpose(t5, 0, 1)
  Value:
    [[24.303925  5.891533  4.082665 ... -6.952591 -9.293466  0.835316]
     [ 5.891533 30.590844  0.540904 ... -4.993282 -3.643831  2.946064]
     [ 4.082665  0.540904 20.899687 ...  1.633623  3.728066 -3.316944]
     ...
     [-6.952591 -4.993282  1.633623 ... 21.576348  7.414703 -1.793591]
     [-9.293466 -3.643831  3.728066 ...  7.414703 21.506778 -6.251153]
     [ 0.835316  2.946064 -3.316944 ... -1.793591 -6.251153 34.781431]]

TensorFlow
  Concrete: tf.transpose(t5, perm=[1, 0])
  Value:
    [[24.303925  5.891533  4.082665 ... -6.952591 -9.293466  0.835316]
     [ 5.891533 30.590844  0.540904 ... -4.993282 -3.643831  2.946064]
     [ 4.082665  0.540904 20.899687 ...  1.633623  3.728066 -3.316944]
     ...
     [-6.952591 -4.993282  1.633623 ... 21.576348  7.414703 -1.793591]
     [-9.293466 -3.643831  3.728066 ...  7.414703 21.506778 -6.251153]
     [ 0.835316  2.946064 -3.316944 ... -1.793591 -6.251153 34.781431]]

Concrete matrix property checks:
  Inputs:
    t5:
      - shape: (17, 17)
      - square: YES
      - finite: YES
      - contains NaN: NO
      - contains Inf: NO
      - symmetric: YES
