Framework: tf
Final Environment (all values):
x0: shape=(4, 4)
tf.Tensor(
[[0.44826101 0.35039442 0.24892148 0.2501681 ]
 [0.35039442 0.27389665 0.19459762 0.19553071]
 [0.24892148 0.19459762 0.13848331 0.13868894]
 [0.2501681  0.19553071 0.13868894 0.13982341]], shape=(4, 4), dtype=float64)

x1: shape=(4, 4)
tf.Tensor(
[[-0.29811041  1.07756589  1.34261282 -0.60826419]
 [-0.97677139  0.93187338 -0.75525703 -1.11249945]
 [-0.53463824 -0.59067432 -1.09880226  1.93570204]
 [ 0.34765741  1.58735921 -0.4191683   1.54752585]], shape=(4, 4), dtype=float64)

x2: shape=(4, 4)
tf.Tensor(
[[-0.7138867   0.40749671  1.98859718  0.80341801]
 [ 1.73919698 -0.80583676  0.60533441  1.21709054]
 [ 1.18375123  1.3211523   0.15110861  0.39835895]
 [ 1.40988729 -1.51589935  0.74832396 -0.61400764]], shape=(4, 4), dtype=float64)

x3: shape=(4, 4)
tf.Tensor(
[[ 1.18021151  1.94190591 -0.41220738 -1.90986983]
 [-0.21241854 -1.22935973  0.93616789  1.0229104 ]
 [ 1.17080839 -1.28359142 -0.67651529  1.955693  ]
 [ 0.55577515  1.74356659 -0.70162663 -0.06649555]], shape=(4, 4), dtype=float64)

x4: shape=(4, 4)
tf.Tensor(
[[0.7100064  0.         0.         0.        ]
 [0.         0.83263957 0.         0.        ]
 [0.         0.         0.8861316  0.        ]
 [0.         0.         0.         1.24672587]], shape=(4, 4), dtype=float64)

x5: shape=(17, 17)
tf.Tensor(
[[-0.21140177  0.26607835  0.3488155   0.02879383 -0.09108164  0.02309595
  -0.09675387  0.15257332  0.01264597  0.03110811  0.14273466 -0.07135095
  -0.37170715 -0.20081534  0.61014837 -0.07389326 -0.37109975]
 [-0.58856114  0.09251616 -0.4471542   0.29231034  0.04618347  0.46978244
  -0.15634507 -0.09078392  0.21549474 -0.09958248 -0.02135757  0.01974286
  -0.00294834  0.04136861  0.08547048  0.16694388  0.10017124]
 [ 0.11981396  0.12972587 -0.57908773 -0.20707828 -0.09492142 -0.2241788
  -0.42800031 -0.13518747 -0.35063624  0.37558641  0.01310132 -0.15636926
  -0.06712103 -0.04015407  0.13175991  0.0555732  -0.12109963]
 [ 0.16741919  0.23504408 -0.21669842 -0.21640841 -0.18108636 -0.06354016
   0.19056661  0.10339433  0.1227145  -0.14873333  0.43989866  0.32529304
   0.05028955 -0.22207831  0.28797647  0.09612749  0.50850078]
 [-0.32064264 -0.06295902 -0.15390072  0.23165731 -0.15243503 -0.32019006
   0.3396926  -0.36446146 -0.19787048 -0.05897785  0.22302664  0.05559224
  -0.25698587 -0.11918287 -0.17397162 -0.48550747 -0.01414825]
 [-0.17321182  0.25056542  0.14464662 -0.19330077  0.52632503 -0.33571737
  -0.21324629 -0.289936    0.28194479  0.08404965 -0.25920738  0.11899934
  -0.03886022  0.06436942  0.11566535 -0.20801257  0.31536961]
 [-0.20861198 -0.10789421  0.24591549  0.43258847 -0.1563422  -0.22905574
  -0.29367404  0.23036611 -0.36824565  0.1199487  -0.16925864  0.14051154
   0.2351577  -0.26717452  0.05057424  0.08767675  0.38170591]
 [ 0.0832383  -0.38367699 -0.0465125   0.12042694  0.3128642   0.02345065
   0.25680628 -0.22168594 -0.24215725 -0.07047745  0.07347422 -0.33391657
   0.21309194  0.15990899  0.58518426  0.03625388  0.14293098]
 [-0.10891265 -0.22020298  0.02947773  0.06230906  0.31319004 -0.0401862
   0.05440847 -0.02695531  0.1934862   0.52221629  0.42700961  0.30298295
   0.29445734 -0.22071948 -0.0570167   0.12355056 -0.30542926]
 [-0.17011796 -0.15491352  0.13572639 -0.25806808 -0.11069056  0.12413742
  -0.44667638  0.05139873 -0.12049294 -0.20413003  0.38555291  0.11365663
   0.29628592  0.38225532  0.01704802 -0.42410281 -0.02004923]
 [-0.39269555  0.03437079  0.0952449  -0.32242299 -0.49642609 -0.22256585
   0.27641267 -0.13553476  0.16294155  0.19514563 -0.20112828 -0.12863249
   0.36622557  0.17785986  0.11505739  0.19413144 -0.05021404]
 [-0.20444647  0.13490039  0.12818656 -0.20375298  0.15030005  0.10723586
   0.02088856  0.16331825 -0.03362686  0.12681416  0.30127619 -0.69033956
   0.02209668 -0.27999617 -0.28804136 -0.03620078  0.27045248]
 [-0.11825174  0.35635122  0.19202337  0.08603214  0.16419334 -0.13368037
   0.06271309 -0.12711152 -0.3710193  -0.07135097  0.30535838  0.09084997
  -0.12437156  0.44610482 -0.16370402  0.513921   -0.01415408]
 [-0.35529285 -0.42404147 -0.15734661 -0.42393811  0.22690256 -0.20294995
   0.07555492  0.39564302 -0.15893317 -0.22976532 -0.10749448  0.151388
  -0.27610629 -0.07956194 -0.01932978  0.19048523 -0.05301558]
 [-0.00786125  0.02099083  0.14394914 -0.23210714  0.01586866  0.14652852
  -0.13790531 -0.52370281 -0.20000726 -0.40356633 -0.0611669   0.07369313
   0.21119462 -0.52753352 -0.0606178   0.19669156 -0.18055456]
 [ 0.05443329 -0.4687363   0.21687015 -0.04901012 -0.2577198   0.06441935
  -0.25564107 -0.34820886  0.22159704  0.17640198  0.15443614 -0.03329239
  -0.47514338  0.05289753 -0.02151522  0.24728104  0.27452781]
 [-0.05663388  0.06444974  0.12105877 -0.26831263  0.02650679  0.54175046
   0.24556868 -0.06156016 -0.41333701  0.41907315 -0.19978239  0.28322184
  -0.12395318  0.02078571  0.02054356 -0.17886312  0.18136771]], shape=(17, 17), dtype=float64)

x6: shape=(17, 17)
tf.Tensor(
[[ 2.43039254e+01  5.89153326e+00  4.08266517e+00 -1.25685654e+01
  -1.94890807e+00 -1.03784723e+01  4.73781934e-01  1.58017223e+01
   9.66693431e+00  6.37334040e+00 -6.42273365e-01 -6.71682664e-01
  -4.23222246e+00 -3.48493530e+00 -6.95259058e+00 -9.29346625e+00
   8.35316404e-01]
 [ 5.89153326e+00  3.05908439e+01  5.40904130e-01 -5.42433357e+00
   1.09018532e+01 -3.60626235e-01  6.76940605e+00 -9.96202981e-02
  -1.36989873e+00  1.21700433e+01 -5.69775639e+00  1.04904625e+01
   5.23165142e+00 -2.65853926e+00 -4.99328155e+00 -3.64383127e+00
   2.94606351e+00]
 [ 4.08266517e+00  5.40904130e-01  2.08996872e+01  5.24865884e+00
  -5.36840853e-01  8.55905702e-01  5.17253622e+00  2.19593781e+00
  -3.94493048e+00  1.70671980e+00 -9.36348098e+00  6.24043878e+00
  -1.24431915e+00  6.77468649e+00  1.63362322e+00  3.72806579e+00
  -3.31694450e+00]
 [-1.25685654e+01 -5.42433357e+00  5.24865884e+00  2.80305392e+01
  -3.21498071e-01 -1.47802891e+00  1.06769321e+01 -8.13244208e+00
  -1.70212971e+00 -7.19337752e+00 -6.03715729e+00  5.99903696e+00
  -4.46003929e+00 -5.67773029e-02  6.03360397e+00  1.18424233e+01
  -1.54393183e+01]
 [-1.94890807e+00  1.09018532e+01 -5.36840853e-01 -3.21498071e-01
   1.94126536e+01 -5.22370067e+00  2.37539622e+00 -1.18280699e+00
  -4.24024602e+00  6.67328891e+00  3.66557871e+00  4.03059660e+00
   4.20569393e+00  4.99994711e+00  3.73161380e+00 -6.72627615e+00
   1.62549676e+00]
 [-1.03784723e+01 -3.60626235e-01  8.55905702e-01 -1.47802891e+00
  -5.22370067e+00  2.50404374e+01 -8.61113949e-01 -6.48776207e+00
  -5.10463472e+00 -6.00094475e+00  4.09633276e+00 -1.54740968e-01
   5.16071769e+00  1.81127858e-01 -2.08743865e+00  1.10677024e+00
   3.05290446e+00]
 [ 4.73781934e-01  6.76940605e+00  5.17253622e+00  1.06769321e+01
   2.37539622e+00 -8.61113949e-01  2.68990858e+01 -1.32138559e+00
  -8.24695882e-01  8.30363646e+00 -9.05942586e+00  1.15530290e+01
   6.16621466e+00 -5.69726470e+00 -8.45820756e+00 -1.82905520e+00
  -1.01732278e+00]
 [ 1.58017223e+01 -9.96202981e-02  2.19593781e+00 -8.13244208e+00
  -1.18280699e+00 -6.48776207e+00 -1.32138559e+00  2.48624424e+01
   1.54959680e+01  3.23773286e+00 -4.43691306e+00 -4.13222475e+00
  -9.22825727e+00 -5.90043285e-01  4.36111319e-01 -9.36179717e-01
  -7.48195166e+00]
 [ 9.66693431e+00 -1.36989873e+00 -3.94493048e+00 -1.70212971e+00
  -4.24024602e+00 -5.10463472e+00 -8.24695882e-01  1.54959680e+01
   2.05517160e+01 -4.27383608e+00 -3.40270263e+00 -8.57195954e+00
  -6.22098986e+00 -6.60054854e+00 -1.62112486e+00  7.69302299e-01
  -8.01009357e+00]
 [ 6.37334040e+00  1.21700433e+01  1.70671980e+00 -7.19337752e+00
   6.67328891e+00 -6.00094475e+00  8.30363646e+00  3.23773286e+00
  -4.27383608e+00  2.22686803e+01  2.00792128e-02  6.83062742e+00
   6.04563120e+00  4.54048577e+00 -5.25687616e+00 -4.01228067e+00
   1.21197087e+01]
 [-6.42273365e-01 -5.69775639e+00 -9.36348098e+00 -6.03715729e+00
   3.66557871e+00  4.09633276e+00 -9.05942586e+00 -4.43691306e+00
  -3.40270263e+00  2.00792128e-02  2.59484635e+01 -7.03449397e+00
  -4.52942560e-01 -3.58901645e+00  4.33116199e+00 -1.11805087e+01
   7.98052586e+00]
 [-6.71682664e-01  1.04904625e+01  6.24043878e+00  5.99903696e+00
   4.03059660e+00 -1.54740968e-01  1.15530290e+01 -4.13222475e+00
  -8.57195954e+00  6.83062742e+00 -7.03449397e+00  3.07629318e+01
   9.36431337e+00 -2.09676970e+00 -3.69935365e+00  7.10545733e+00
   3.10107063e+00]
 [-4.23222246e+00  5.23165142e+00 -1.24431915e+00 -4.46003929e+00
   4.20569393e+00  5.16071769e+00  6.16621466e+00 -9.22825727e+00
  -6.22098986e+00  6.04563120e+00 -4.52942560e-01  9.36431337e+00
   1.92172136e+01  4.82264431e+00 -6.94895021e+00 -4.07402630e+00
   1.79742506e+01]
 [-3.48493530e+00 -2.65853926e+00  6.77468649e+00 -5.67773029e-02
   4.99994711e+00  1.81127858e-01 -5.69726470e+00 -5.90043285e-01
  -6.60054854e+00  4.54048577e+00 -3.58901645e+00 -2.09676970e+00
   4.82264431e+00  2.31168879e+01  7.91492157e+00  2.69304846e+00
   1.06070200e+01]
 [-6.95259058e+00 -4.99328155e+00  1.63362322e+00  6.03360397e+00
   3.73161380e+00 -2.08743865e+00 -8.45820756e+00  4.36111319e-01
  -1.62112486e+00 -5.25687616e+00  4.33116199e+00 -3.69935365e+00
  -6.94895021e+00  7.91492157e+00  2.15763475e+01  7.41470339e+00
  -1.79359142e+00]
 [-9.29346625e+00 -3.64383127e+00  3.72806579e+00  1.18424233e+01
  -6.72627615e+00  1.10677024e+00 -1.82905520e+00 -9.36179717e-01
   7.69302299e-01 -4.01228067e+00 -1.11805087e+01  7.10545733e+00
  -4.07402630e+00  2.69304846e+00  7.41470339e+00  2.15067775e+01
  -6.25115296e+00]
 [ 8.35316404e-01  2.94606351e+00 -3.31694450e+00 -1.54393183e+01
   1.62549676e+00  3.05290446e+00 -1.01732278e+00 -7.48195166e+00
  -8.01009357e+00  1.21197087e+01  7.98052586e+00  3.10107063e+00
   1.79742506e+01  1.06070200e+01 -1.79359142e+00 -6.25115296e+00
   3.47814306e+01]], shape=(17, 17), dtype=float64)

x7: shape=(17, 17)
tf.Tensor(
[[ 26.408083    12.7815394   14.06520423   9.28816143  -3.33861252
    4.00144052   0.53959081  -1.72063457   2.51742188  -2.31806952
   -9.94692377   1.32544195   2.85945433   0.9774353   -6.37811498
   11.68061258  -2.01697592]
 [ 12.7815394   26.39748528  16.28369425   4.00571634  -2.39925914
   -2.30788051   6.07650154   4.23876713  -1.62551748   5.4121709
   -5.80216392   2.38846198   7.75628505   0.86958382  -3.57003103
    7.16664734  -5.01111963]
 [ 14.06520423  16.28369425  26.22060958   5.82596254  -4.75004256
    1.27757061   6.29470744  -3.51696723  -3.97825109   2.06972074
   -4.46093233  -1.12222752   5.41252512  -6.61441571  -0.19165192
    5.15849959  -5.5934708 ]
 [  9.28816143   4.00571634   5.82596254  21.66175365  -5.25488181
    2.24737998   4.59230069  -7.99336282   3.02915199  11.40824602
   -3.92572636  -2.79123348  -2.09748572  -0.56041231   0.42801342
   14.13706041  -8.89229101]
 [ -3.33861252  -2.39925914  -4.75004256  -5.25488181  26.61763371
    6.50556731 -13.3079241    2.39974468   1.16119632  -2.46213405
   -4.11908129   9.82034603   4.45329903  -4.99921748  -0.2927789
   -2.68124882   2.35401826]
 [  4.00144052  -2.30788051   1.27757061   2.24737998   6.50556731
   20.53034348  -2.5851492   -7.05543377   6.31580893  -7.08971862
   -3.32226107 -12.37577465  -9.14667863  -1.13341583   0.72344462
    4.99627824   2.28226054]
 [  0.53959081   6.07650154   6.29470744   4.59230069 -13.3079241
   -2.5851492   32.65498525   4.5866417  -10.3393089    4.77972512
   -1.43993333 -13.743831     4.64830285   1.02376442  -9.93443194
   11.3486627  -11.19218465]
 [ -1.72063457   4.23876713  -3.51696723  -7.99336282   2.39974468
   -7.05543377   4.5866417   16.27231929 -10.46683824   0.15286054
    3.50657777   2.90743217  13.15172025  -0.53191634 -11.97898605
   -1.3615869    2.36009311]
 [  2.51742188  -1.62551748  -3.97825109   3.02915199   1.16119632
    6.31580893 -10.3393089  -10.46683824  22.03329123   2.02177858
   -1.20518977   2.16547502 -12.23828228   4.32358628  10.29192757
   -4.22776366   0.05073203]
 [ -2.31806952   5.4121709    2.06972074  11.40824602  -2.46213405
   -7.08971862   4.77972512   0.15286054   2.02177858  21.55234205
    0.25113554   1.40855022   4.99166476  -0.45576019   3.24746975
    5.33193782  -6.93160982]
 [ -9.94692377  -5.80216392  -4.46093233  -3.92572636  -4.11908129
   -3.32226107  -1.43993333   3.50657777  -1.20518977   0.25113554
   18.79847187  -6.24749805  -5.03840433  -4.18722667   4.65499986
   -9.40919118   2.19617895]
 [  1.32544195   2.38846198  -1.12222752  -2.79123348   9.82034603
  -12.37577465 -13.743831     2.90743217   2.16547502   1.40855022
   -6.24749805  32.40905048   8.65317305  -1.48865461  -3.40785717
  -11.33219527  -1.93215027]
 [  2.85945433   7.75628505   5.41252512  -2.09748572   4.45329903
   -9.14667863   4.64830285  13.15172025 -12.23828228   4.99166476
   -5.03840433   8.65317305  23.13022934   0.82648255  -8.59907014
    7.34957659   1.27535007]
 [  0.9774353    0.86958382  -6.61441571  -0.56041231  -4.99921748
   -1.13341583   1.02376442  -0.53191634   4.32358628  -0.45576019
   -4.18722667  -1.48865461   0.82648255  30.48812796   9.0763849
    2.24513643  -4.97686026]
 [ -6.37811498  -3.57003103  -0.19165192   0.42801342  -0.2927789
    0.72344462  -9.93443194 -11.97898605  10.29192757   3.24746975
    4.65499986  -3.40785717  -8.59907014   9.0763849   26.05916165
   -2.33478248   2.21045904]
 [ 11.68061258   7.16664734   5.15849959  14.13706041  -2.68124882
    4.99627824  11.3486627   -1.3615869   -4.22776366   5.33193782
   -9.40919118 -11.33219527   7.34957659   2.24513643  -2.33478248
   27.99907157   0.81309716]
 [ -2.01697592  -5.01111963  -5.5934708   -8.89229101   2.35401826
    2.28226054 -11.19218465   2.36009311   0.05073203  -6.93160982
    2.19617895  -1.93215027   1.27535007  -4.97686026   2.21045904
    0.81309716  17.61556517]], shape=(17, 17), dtype=float64)

x8: shape=(17, 17)
tf.Tensor(
[[ 1.87861794e+01  2.28067396e+00  2.33893229e-01  1.19294812e+00
  -1.61924546e+00  6.00985286e+00 -9.93003411e+00 -3.93278990e+00
   1.37639014e+00  4.04794251e+00  7.72465147e+00 -6.75210023e+00
  -5.08407429e+00  1.65099970e+00 -6.02614992e+00  1.23585674e+00
   1.64033019e+00]
 [ 2.28067396e+00  2.13551525e+01  6.18190036e-01 -4.46818913e+00
  -2.28071330e+00 -9.90875667e-02 -2.01881651e+00  2.77628732e+00
  -7.93404279e-01  8.67678509e+00  1.04394929e+00  1.17828558e+00
  -1.07521773e+01  9.11587610e+00 -5.10873336e+00 -1.35938794e+00
   1.87579296e+00]
 [ 2.33893229e-01  6.18190036e-01  2.37112876e+01  1.27328314e+00
   2.65588838e+00  5.36844752e+00  1.51119934e+00  7.74369059e+00
   1.47207585e+00 -8.89289239e-03 -5.50176144e+00  8.47310255e+00
   3.17764229e+00 -1.81739403e-01  6.19569583e-01  3.15176841e+00
  -2.23456797e+00]
 [ 1.19294812e+00 -4.46818913e+00  1.27328314e+00  2.29653580e+01
  -2.15499913e+00  4.76837874e+00  2.85753691e+00  1.22643158e+00
  -7.67655178e-01 -3.77134826e-01 -4.42946388e+00  2.80230523e+00
  -1.92336729e+00 -1.98265669e+00 -7.42903791e+00 -2.80285069e+00
   6.71112545e+00]
 [-1.61924546e+00 -2.28071330e+00  2.65588838e+00 -2.15499913e+00
   2.05191807e+01 -3.63358319e+00 -3.70287862e+00 -1.18008333e+00
   5.35753745e+00 -4.42066572e+00  2.30303932e+00  2.95352178e+00
   9.98755086e+00  5.01677546e+00  4.99583513e+00  2.92959432e-01
   8.20008976e+00]
 [ 6.00985286e+00 -9.90875667e-02  5.36844752e+00  4.76837874e+00
  -3.63358319e+00  1.23422522e+01 -4.01829678e+00 -7.40338447e+00
  -5.31612963e+00  4.62962280e+00 -2.27959540e+00 -1.86353921e+00
  -3.76276443e+00 -3.36169734e+00 -4.41983838e+00 -3.10680908e-01
  -3.66097623e-01]
 [-9.93003411e+00 -2.01881651e+00  1.51119934e+00  2.85753691e+00
  -3.70287862e+00 -4.01829678e+00  2.20216719e+01  3.17015842e+00
  -2.31123637e+00 -9.73440486e-01 -5.39112092e+00  4.45796795e+00
   6.74145591e+00  7.94957496e-02  2.93488447e-01  7.22808426e+00
   2.90585295e+00]
 [-3.93278990e+00  2.77628732e+00  7.74369059e+00  1.22643158e+00
  -1.18008333e+00 -7.40338447e+00  3.17015842e+00  3.06016466e+01
   6.63123919e+00  3.13458705e+00 -5.47292544e-01  8.36103332e+00
  -1.18619008e+00 -1.83550584e+00 -4.13140871e-01 -5.91050124e+00
   9.28882305e-01]
 [ 1.37639014e+00 -7.93404279e-01  1.47207585e+00 -7.67655178e-01
   5.35753745e+00 -5.31612963e+00 -2.31123637e+00  6.63123919e+00
   2.58906830e+01  9.22274299e+00  4.21713675e+00 -1.81301299e+00
  -3.37092370e+00 -4.84570905e+00  4.82230261e+00 -8.17025977e+00
   8.92583786e+00]
 [ 4.04794251e+00  8.67678509e+00 -8.89289239e-03 -3.77134826e-01
  -4.42066572e+00  4.62962280e+00 -9.73440486e-01  3.13458705e+00
   9.22274299e+00  2.82412207e+01            -inf -2.24540660e+00
  -1.41214334e+01 -9.12524164e+00 -3.35980206e+00 -9.16854581e-01
  -4.15382163e+00]
 [ 7.72465147e+00  1.04394929e+00 -5.50176144e+00 -4.42946388e+00
   2.30303932e+00 -2.27959540e+00 -5.39112092e+00 -5.47292544e-01
   4.21713675e+00 -3.33108086e-01  3.65499881e+01 -1.61587796e+01
   5.88241628e+00 -7.01542345e-01 -2.07809534e+00  4.99451339e+00
   8.93427078e+00]
 [-6.75210023e+00  1.17828558e+00  8.47310255e+00  2.80230523e+00
   2.95352178e+00 -1.86353921e+00  4.45796795e+00  8.36103332e+00
  -1.81301299e+00 -2.24540660e+00 -1.61587796e+01  1.50622648e+01
   1.19242833e+00  5.96515240e+00  3.54200768e+00 -1.53324467e+00
  -5.17279575e+00]
 [-5.08407429e+00 -1.07521773e+01  3.17764229e+00 -1.92336729e+00
   9.98755086e+00 -3.76276443e+00  6.74145591e+00 -1.18619008e+00
  -3.37092370e+00 -1.41214334e+01  5.88241628e+00  1.19242833e+00
   1.87837879e+01  2.72082672e+00  4.65248871e+00  5.80109097e+00
   4.47480667e+00]
 [ 1.65099970e+00  9.11587610e+00 -1.81739403e-01 -1.98265669e+00
   5.01677546e+00 -3.36169734e+00  7.94957496e-02 -1.83550584e+00
  -4.84570905e+00 -9.12524164e+00 -7.01542345e-01  5.96515240e+00
   2.72082672e+00  1.90135422e+01 -3.97846734e-01 -1.24991177e+00
   5.02130536e+00]
 [-6.02614992e+00 -5.10873336e+00  6.19569583e-01 -7.42903791e+00
   4.99583513e+00 -4.41983838e+00  2.93488447e-01 -4.13140871e-01
   4.82230261e+00 -3.35980206e+00 -2.07809534e+00  3.54200768e+00
   4.65248871e+00 -3.97846734e-01  1.61695288e+01 -7.62565788e-01
  -5.76594431e+00]
 [ 1.23585674e+00 -1.35938794e+00  3.15176841e+00 -2.80285069e+00
   2.92959432e-01 -3.10680908e-01  7.22808426e+00 -5.91050124e+00
  -8.17025977e+00 -9.16854581e-01  4.99451339e+00 -1.53324467e+00
   5.80109097e+00 -1.24991177e+00 -7.62565788e-01  2.67651751e+01
  -5.69580546e-01]
 [ 1.64033019e+00  1.87579296e+00 -2.23456797e+00  6.71112545e+00
   8.20008976e+00 -3.66097623e-01  2.90585295e+00  9.28882305e-01
   8.92583786e+00 -4.15382163e+00  8.93427078e+00 -5.17279575e+00
   4.47480667e+00  5.02130536e+00 -5.76594431e+00 -5.69580546e-01
   3.03018225e+01]], shape=(17, 17), dtype=float64)

x9: shape=(17, 17)
tf.Tensor(
[[ 0.30066344  0.09113395  0.97911131  1.65175976  1.19377388  1.03386639
   1.98367548  1.56071065 -0.63377141 -0.93413872 -1.62304948  0.22223732
  -1.10603986 -0.54728511  0.66560643 -1.08548663 -1.10341656]
 [ 0.55017948 -0.72334057  1.2184603   0.32273434  1.90758963  0.2248446
   0.95646274 -1.92137252  0.58084618  1.20376819 -1.06107443 -1.7879716
  -0.63200366 -1.34606932 -0.5111402  -0.2313573  -0.64643345]
 [ 1.96584606  1.51543619 -1.58852345  1.09706593  0.34596792 -0.6456306
  -0.43394593  1.80925667  0.58803207  1.45082158 -0.11409611 -0.73836439
  -1.51057425  0.10615211 -0.38695653 -1.90284493  1.82452454]
 [ 0.71016549 -1.04434265 -0.50295161  0.27402467 -1.90876735  0.91556753
  -1.65533569  1.23578979  1.76157584  1.40799013 -0.12717991  1.10200018
  -0.02863152  1.71701708  1.76048423 -1.13196543  0.30149476]
 [-0.07454048  1.87398234 -1.17314503  0.60481278  0.05932309  0.79202842
   0.55088534  1.25516642  1.73079484 -0.05210149 -0.60136924 -1.17849141
  -0.83684972 -0.94557804  1.74906011  0.31320542 -1.32931005]
 [-1.18288351  1.7979279   1.45270396  0.94837752  1.5541927   1.46044462
  -0.6613573  -0.99634909  1.84181169 -0.27510429 -0.35125312 -0.13446706
   0.63360171  1.11720775 -1.87249929 -0.0541265  -1.66296402]
 [ 0.20970953  0.03806936  1.06722248 -1.53354315 -1.70081201  1.70024931
  -0.48659519 -0.5039685   0.89716974 -1.18270131 -0.99142654 -1.63013543
  -0.55185896 -0.9013975   0.00589534  0.38137519 -1.7855637 ]
 [-0.16081013  1.49319141  1.56667332  0.4939489   0.90788282 -1.036925
   0.41545666 -1.20737517  0.98175147 -0.05594727  0.2997842  -0.10088387
   1.75104422  1.11192745  0.72441309 -0.01965541  1.41313516]
 [-1.63195331 -1.96164169  0.85013455  0.98355487 -1.41011188  0.5591267
  -0.63324645 -0.83409423  0.49658821 -1.86174067 -0.09297385 -1.31352523
   0.76219037  1.56659843  1.62447561 -0.53666922 -1.76761434]
 [ 1.16822205 -1.24240657  0.82911864 -1.13127426  0.31582375  1.39082914
  -1.35980995 -1.80325243  1.52098188  0.88150163 -1.78948639 -0.8848803
   0.34720774  1.48679098  0.2467814  -1.65287696 -0.75252305]
 [-0.66028028 -1.31752065 -0.22720227 -1.91785398  1.89448457  1.44488028
   0.64865966 -0.72704399 -1.57809186 -1.15350822  0.01231433 -0.11119189
  -1.38705289  1.22274288 -0.60467453  0.77203704  1.33286492]
 [-0.36090031 -0.3501488  -1.06061436 -1.47484842  1.00874418  0.48276306
   0.148376   -1.36962046 -0.20276755  0.65115321  1.11282263 -1.98341601
  -1.31693094 -0.95007103  1.00481791 -0.65566085  1.63437731]
 [ 0.89034372  0.32326518  1.29823858 -1.73479782  0.76251161  0.13223914
  -0.31654391  1.38484195 -0.12141087  0.65717488 -1.00561552  1.5300091
  -1.87709871 -1.33720279  1.38468071 -0.01943164 -1.16634279]
 [-1.22926261 -1.77011936  0.49909323 -1.30713928  1.40015017 -0.02015829
  -0.48642034  1.76552453 -0.18320059 -1.60208032  1.79299556 -1.9467686
   1.30870619 -1.71196527  0.08118057  1.91858447 -1.31756015]
 [-1.05810902 -0.64629516  1.41988348  1.00120098  0.26699463 -0.05242088
   1.48653031  0.90018126 -1.8651079   0.15185925  0.79384991 -0.10028746
  -1.62026549  1.64525791 -0.06408239  0.09619961  0.22637861]
 [ 1.32382798 -1.62663813  0.07353347 -0.31373179  0.85090548  0.35576221
  -0.80420759 -1.21827454 -0.76322107  0.27946198  0.26936237  1.33552198
  -0.30871109  1.49878608  0.78616675 -1.42221287 -0.63543471]
 [-0.16690565 -1.93838541 -1.89334145  0.09020682  0.24764324  0.95875633
   1.29594301 -1.20634756  0.36742951  1.86891899  1.01703247 -0.4478969
  -1.53468265  0.17481344 -1.03611454  0.34664411  0.24066841]], shape=(17, 17), dtype=float64)

x10: shape=(26, 26)
tf.Tensor(
[[ 0.31197401 -0.39907848 -0.06189847  0.17135873 -0.66140993  0.60239006
  -0.60636564  1.12834111 -0.19662886 -0.44802227 -0.90026008  0.13898166
  -0.39854213 -0.81779932  0.12823716 -0.25001183 -1.11493926 -0.83302397
  -0.06271032  0.46946882 -0.53406475 -1.09887742  0.27586917  0.24938324
  -0.61579854  0.50074721]
 [-0.39907848  1.65517153 -0.1978366  -1.11515787  0.76117803 -0.25253716
   1.55936898  0.00308803  0.83281588  1.12385364 -1.21773054  1.22779919
   0.18224758 -0.69853649 -0.92432256  0.11267036  1.02897597 -0.77129358
   0.87765913  0.16723299  1.07648209 -1.18621648 -1.15539557  1.23557726
   0.41028585 -0.16336603]
 [-0.06189847 -0.1978366   0.88370477 -1.06846972 -0.17876501  0.92303826
  -0.71670856  0.61190622  0.72585766 -0.2694584  -0.47971066 -0.85830734
  -0.41877823 -0.08051247 -0.41608236 -0.32197883 -1.85140905 -0.13163933
   0.59773648  1.73309737 -0.82777393  0.37001073 -1.28616191  1.57445907
   0.55320771  1.82556329]
 [ 0.17135873 -1.11515787 -1.06846972 -0.28054908 -0.43638963 -1.29737541
   1.07135194 -1.30441463  0.94318345  0.2535834  -0.7493944  -0.88845499
   0.82487796  1.06447879 -0.39924831 -0.40490514 -0.00314263 -0.08399822
  -0.58724943 -0.91769294 -0.99803385  0.26049324  1.16848756  0.11648778
  -0.35514152 -1.41001797]
 [-0.66140993  0.76117803 -0.17876501 -0.43638963 -1.05730916 -1.03970547
   1.58294226 -0.26547406  1.2122227  -0.27984581 -0.82172895  0.15995318
  -0.14770454  0.79309126  0.67567603  1.02687933  0.76876405  0.03589017
  -1.45164508  0.62523474  0.68501441  0.43732869 -0.54757251  0.03696206
  -1.61425021  0.94915417]
 [ 0.60239006 -0.25253716  0.92303826 -1.29737541 -1.03970547 -1.18254125
   1.03041945  0.21759817  0.79756014 -0.17100745  0.26982395 -0.62760357
   1.26121287  0.70180514  1.21450113  1.49745345  0.73161519 -0.9392233
  -0.14895838 -0.59139922  0.19871289 -1.38073677 -1.07085884  0.01801581
   1.40383224  0.53837293]
 [-0.60636564  1.55936898 -0.71670856  1.07135194  1.58294226  1.03041945
   1.84438806 -0.01394715  0.44686149  0.91601285 -1.54734231 -0.02808055
  -1.11674266 -0.41726968  1.43204836  0.58976285 -1.27505569  0.39722367
  -0.91322473  0.55634873 -1.75918479  0.4274214   0.34338947 -0.00915822
   0.09228955 -0.03922323]
 [ 1.12834111  0.00308803  0.61190622 -1.30441463 -0.26547406  0.21759817
  -0.01394715 -1.71184339 -1.68074908  0.68059572  1.39066794 -0.39337503
   0.16300476 -0.38518122 -0.0993353   0.66134751 -0.77932254  0.36940837
  -1.3315996   0.86794812  0.56508371  0.86955534  0.4104953  -1.57515445
  -0.29822926 -0.67394251]
 [-0.19662886  0.83281588  0.72585766  0.94318345  1.2122227   0.79756014
   0.44686149 -1.68074908  1.46193221 -1.17666136 -0.09790783 -0.793888
   0.60118846 -0.98411424 -0.46505105 -0.5345866   0.05545621  1.00765363
  -0.92908099 -0.19329532  1.2273342   0.47499208  0.0505051   0.22394338
   0.3989422   1.83796397]
 [-0.44802227  1.12385364 -0.2694584   0.2535834  -0.27984581 -0.17100745
   0.91601285  0.68059572 -1.17666136 -0.25255063  0.75058655 -1.35999485
   0.49196524  0.44746408  0.70762545 -0.35241333 -0.08613186 -0.04430382
  -1.45119101 -0.34020456  1.16730191 -0.48989766  0.91825456  1.57663068
   0.11463398 -0.00891996]
 [-0.90026008 -1.21773054 -0.47971066 -0.7493944  -0.82172895  0.26982395
  -1.54734231  1.39066794 -0.09790783  0.75058655 -0.81803887  1.13553707
   1.90659424  0.3496279   1.01139076  0.05139944  1.20565164 -0.85729207
   0.13100366  0.2498707   0.02216958  0.80386463  0.63443748  0.59292221
   1.30988412  0.34691198]
 [ 0.13898166  1.22779919 -0.85830734 -0.88845499  0.15995318 -0.62760357
  -0.02808055 -0.39337503 -0.793888   -1.35999485  1.13553707  0.93196246
  -0.76336312 -1.01138823 -0.47050491  0.74119771  1.18194095 -0.47316539
   1.38560993  1.11356275  0.39957111 -0.09602272  0.40986817  1.68068135
  -0.60863935 -0.15602636]
 [-0.39854213  0.18224758 -0.41877823  0.82487796 -0.14770454  1.26121287
  -1.11674266  0.16300476  0.60118846  0.49196524  1.90659424 -0.76336312
   1.93955219 -0.16906127 -0.22721863 -0.06844873  1.12481495  0.92848511
  -0.59323426 -0.5534312  -1.58172956  1.03156681 -1.52940964 -1.03223929
   0.19769877 -0.26103757]
 [-0.81779932 -0.69853649 -0.08051247  1.06447879  0.79309126  0.70180514
  -0.41726968 -0.38518122 -0.98411424  0.44746408  0.3496279  -1.01138823
  -0.16906127 -0.92620676  0.93888349 -0.0154353  -0.16533724 -0.97445058
   1.51186662 -0.05591151 -0.91109491 -0.61026377  0.19792572 -0.03133592
   0.097016    0.11742766]
 [ 0.12823716 -0.92432256 -0.41608236 -0.39924831  0.67567603  1.21450113
   1.43204836 -0.0993353  -0.46505105  0.70762545  1.01139076 -0.47050491
  -0.22721863  0.93888349 -0.63992255 -0.69036403 -0.3874168   1.04162498
  -0.06824772  1.16924517 -1.22316932 -0.88819107 -0.87587653  0.45315949
   0.43188493 -0.12916544]
 [-0.25001183  0.11267036 -0.32197883 -0.40490514  1.02687933  1.49745345
   0.58976285  0.66134751 -0.5345866  -0.35241333  0.05139944  0.74119771
  -0.06844873 -0.0154353  -0.69036403 -0.53612066 -0.94221709 -1.15212976
  -0.24726649 -0.42160511  0.30332569 -0.82057664  0.34515301  0.18236863
  -0.8129816   0.6391877 ]
 [-1.11493926  1.02897597 -1.85140905 -0.00314263  0.76876405  0.73161519
  -1.27505569 -0.77932254  0.05545621 -0.08613186  1.20565164  1.18194095
   1.12481495 -0.16533724 -0.3874168  -0.94221709  1.5142303  -1.20612513
  -1.10978545  0.34524173 -0.11083878  1.22564936  0.0306028  -0.48183105
   1.67519044  0.09359346]
 [-0.83302397 -0.77129358 -0.13163933 -0.08399822  0.03589017 -0.9392233
   0.39722367  0.36940837  1.00765363 -0.04430382 -0.85729207 -0.47316539
   0.92848511 -0.97445058  1.04162498 -1.15212976 -1.20612513 -0.52557026
   0.62293043 -0.9853528  -0.07706666 -0.43353035  0.16994004  0.77208835
  -1.05686762  0.64157093]
 [-0.06271032  0.87765913  0.59773648 -0.58724943 -1.45164508 -0.14895838
  -0.91322473 -1.3315996  -0.92908099 -1.45119101  0.13100366  1.38560993
  -0.59323426  1.51186662 -0.06824772 -0.24726649 -1.10978545  0.62293043
  -0.9405139   0.21324118  1.49101617  0.36997992 -0.57678754  1.20924232
  -0.6595116  -0.83073575]
 [ 0.46946882  0.16723299  1.73309737 -0.91769294  0.62523474 -0.59139922
   0.55634873  0.86794812 -0.19329532 -0.34020456  0.2498707   1.11356275
  -0.5534312  -0.05591151  1.16924517 -0.42160511  0.34524173 -0.9853528
   0.21324118  0.95203152 -0.40124358 -1.49396767 -0.8111989  -1.28744708
   0.21923431 -1.76335241]
 [-0.53406475  1.07648209 -0.82777393 -0.99803385  0.68501441  0.19871289
  -1.75918479  0.56508371  1.2273342   1.16730191  0.02216958  0.39957111
  -1.58172956 -0.91109491 -1.22316932  0.30332569 -0.11083878 -0.07706666
   1.49101617 -0.40124358 -0.75069446 -0.00467063  0.10374991  0.97406995
  -0.98348515 -0.89986098]
 [-1.09887742 -1.18621648  0.37001073  0.26049324  0.43732869 -1.38073677
   0.4274214   0.86955534  0.47499208 -0.48989766  0.80386463 -0.09602272
   1.03156681 -0.61026377 -0.88819107 -0.82057664  1.22564936 -0.43353035
   0.36997992 -1.49396767 -0.00467063  1.39333951  0.15056891 -0.00559879
   0.09864232 -0.86609007]
 [ 0.27586917 -1.15539557 -1.28616191  1.16848756 -0.54757251 -1.07085884
   0.34338947  0.4104953   0.0505051   0.91825456  0.63443748  0.40986817
  -1.52940964  0.19792572 -0.87587653  0.34515301  0.0306028   0.16994004
  -0.57678754 -0.8111989   0.10374991  0.15056891 -1.76926468  0.46263209
  -0.27175487  0.2110542 ]
 [ 0.24938324  1.23557726  1.57445907  0.11648778  0.03696206  0.01801581
  -0.00915822 -1.57515445  0.22394338  1.57663068  0.59292221  1.68068135
  -1.03223929 -0.03133592  0.45315949  0.18236863 -0.48183105  0.77208835
   1.20924232 -1.28744708  0.97406995 -0.00559879  0.46263209 -0.77324842
   1.33578821 -1.21502096]
 [-0.61579854  0.41028585  0.55320771 -0.35514152 -1.61425021  1.40383224
   0.09228955 -0.29822926  0.3989422   0.11463398  1.30988412 -0.60863935
   0.19769877  0.097016    0.43188493 -0.8129816   1.67519044 -1.05686762
  -0.6595116   0.21923431 -0.98348515  0.09864232 -0.27175487  1.33578821
  -1.46891639  0.8689261 ]
 [ 0.50074721 -0.16336603  1.82556329 -1.41001797  0.94915417  0.53837293
  -0.03922323 -0.67394251  1.83796397 -0.00891996  0.34691198 -0.15602636
  -0.26103757  0.11742766 -0.12916544  0.6391877   0.09359346  0.64157093
  -0.83073575 -1.76335241 -0.89986098 -0.86609007  0.2110542  -1.21502096
   0.8689261   1.30316531]], shape=(26, 26), dtype=float64)

x11: shape=(26, 26)
tf.Tensor(
[[1.73214601 0.         0.         0.         0.         0.
  0.         0.         0.         0.         0.         0.
  0.         0.         0.         0.         0.         0.
  0.         0.         0.         0.         0.         0.
  0.         0.        ]
 [0.         1.02789869 0.         0.         0.         0.
  0.         0.         0.         0.         0.         0.
  0.         0.         0.         0.         0.         0.
  0.         0.         0.         0.         0.         0.
  0.         0.        ]
 [0.         0.         0.72524469 0.         0.         0.
  0.         0.         0.         0.         0.         0.
  0.         0.         0.         0.         0.         0.
  0.         0.         0.         0.         0.         0.
  0.         0.        ]
 [0.         0.         0.         0.73080766 0.         0.
  0.         0.         0.         0.         0.         0.
  0.         0.         0.         0.         0.         0.
  0.         0.         0.         0.         0.         0.
  0.         0.        ]
 [0.         0.         0.         0.         1.21126491 0.
  0.         0.         0.         0.         0.         0.
  0.         0.         0.         0.         0.         0.
  0.         0.         0.         0.         0.         0.
  0.         0.        ]
 [0.         0.         0.         0.         0.         0.68653182
  0.         0.         0.         0.         0.         0.
  0.         0.         0.         0.         0.         0.
  0.         0.         0.         0.         0.         0.
  0.         0.        ]
 [0.         0.         0.         0.         0.         0.
  0.50132724 0.         0.         0.         0.         0.
  0.         0.         0.         0.         0.         0.
  0.         0.         0.         0.         0.         0.
  0.         0.        ]
 [0.         0.         0.         0.         0.         0.
  0.         1.62949396 0.         0.         0.         0.
  0.         0.         0.         0.         0.         0.
  0.         0.         0.         0.         0.         0.
  0.         0.        ]
 [0.         0.         0.         0.         0.         0.
  0.         0.         1.20763551 0.         0.         0.
  0.         0.         0.         0.         0.         0.
  0.         0.         0.         0.         0.         0.
  0.         0.        ]
 [0.         0.         0.         0.         0.         0.
  0.         0.         0.         1.97100522 0.         0.
  0.         0.         0.         0.         0.         0.
  0.         0.         0.         0.         0.         0.
  0.         0.        ]
 [0.         0.         0.         0.         0.         0.
  0.         0.         0.         0.         1.14953184 0.
  0.         0.         0.         0.         0.         0.
  0.         0.         0.         0.         0.         0.
  0.         0.        ]
 [0.         0.         0.         0.         0.         0.
  0.         0.         0.         0.         0.         0.86890211
  0.         0.         0.         0.         0.         0.
  0.         0.         0.         0.         0.         0.
  0.         0.        ]
 [0.         0.         0.         0.         0.         0.
  0.         0.         0.         0.         0.         0.
  0.57242632 0.         0.         0.         0.         0.
  0.         0.         0.         0.         0.         0.
  0.         0.        ]
 [0.         0.         0.         0.         0.         0.
  0.         0.         0.         0.         0.         0.
  0.         0.66721727 0.         0.         0.         0.
  0.         0.         0.         0.         0.         0.
  0.         0.        ]
 [0.         0.         0.         0.         0.         0.
  0.         0.         0.         0.         0.         0.
  0.         0.         1.79626889 0.         0.         0.
  0.         0.         0.         0.         0.         0.
  0.         0.        ]
 [0.         0.         0.         0.         0.         0.
  0.         0.         0.         0.         0.         0.
  0.         0.         0.         0.99763142 0.         0.
  0.         0.         0.         0.         0.         0.
  0.         0.        ]
 [0.         0.         0.         0.         0.         0.
  0.         0.         0.         0.         0.         0.
  0.         0.         0.         0.         0.78809106 0.
  0.         0.         0.         0.         0.         0.
  0.         0.        ]
 [0.         0.         0.         0.         0.         0.
  0.         0.         0.         0.         0.         0.
  0.         0.         0.         0.         0.         1.56170017
  0.         0.         0.         0.         0.         0.
  0.         0.        ]
 [0.         0.         0.         0.         0.         0.
  0.         0.         0.         0.         0.         0.
  0.         0.         0.         0.         0.         0.
  0.59324398 0.         0.         0.         0.         0.
  0.         0.        ]
 [0.         0.         0.         0.         0.         0.
  0.         0.         0.         0.         0.         0.
  0.         0.         0.         0.         0.         0.
  0.         0.77253385 0.         0.         0.         0.
  0.         0.        ]
 [0.         0.         0.         0.         0.         0.
  0.         0.         0.         0.         0.         0.
  0.         0.         0.         0.         0.         0.
  0.         0.         0.8105645  0.         0.         0.
  0.         0.        ]
 [0.         0.         0.         0.         0.         0.
  0.         0.         0.         0.         0.         0.
  0.         0.         0.         0.         0.         0.
  0.         0.         0.         0.65780619 0.         0.
  0.         0.        ]
 [0.         0.         0.         0.         0.         0.
  0.         0.         0.         0.         0.         0.
  0.         0.         0.         0.         0.         0.
  0.         0.         0.         0.         1.27914893 0.
  0.         0.        ]
 [0.         0.         0.         0.         0.         0.
  0.         0.         0.         0.         0.         0.
  0.         0.         0.         0.         0.         0.
  0.         0.         0.         0.         0.         0.85134069
  0.         0.        ]
 [0.         0.         0.         0.         0.         0.
  0.         0.         0.         0.         0.         0.
  0.         0.         0.         0.         0.         0.
  0.         0.         0.         0.         0.         0.
  1.68481801 0.        ]
 [0.         0.         0.         0.         0.         0.
  0.         0.         0.         0.         0.         0.
  0.         0.         0.         0.         0.         0.
  0.         0.         0.         0.         0.         0.
  0.         1.96242205]], shape=(26, 26), dtype=float64)

x12: shape=(26, 26)
tf.Tensor(
[[-0.09235435 -0.20970946  0.24248335  0.11484497 -0.10976572 -0.19523633
   0.1448917   0.35351874  0.16158654 -0.29201139 -0.13265379  0.37687294
   0.21080137 -0.15766139 -0.22821412  0.07417166 -0.19680925  0.12103369
  -0.13061069 -0.147336   -0.03161536 -0.10249438 -0.0459198  -0.30442628
  -0.21207733  0.19510558]
 [ 0.3420454  -0.24401341 -0.15385308  0.19185117 -0.16925707 -0.07663866
   0.06063343  0.04124068  0.25390993  0.32670762  0.16610036 -0.01293499
   0.38236906  0.27298604  0.21333451 -0.12410408 -0.04679735  0.04130653
  -0.40623321 -0.0638213  -0.05491092 -0.03302205  0.13694758  0.1651759
   0.04839642  0.13038421]
 [ 0.13565018 -0.48704218 -0.13922464  0.00795864  0.37368688  0.18152154
  -0.03313376 -0.19032831  0.00183218 -0.18754968  0.11220025 -0.04499585
   0.0808334  -0.11459049  0.28627343 -0.26128369 -0.25835603  0.00158151
   0.28271237 -0.19009058 -0.08410055  0.06340491 -0.25073875 -0.19367063
  -0.02436224  0.02175136]
 [ 0.09045423 -0.16065561 -0.22773989 -0.25023231 -0.19087865 -0.10274179
   0.1929474   0.12935533 -0.11263681  0.18408689 -0.02749789  0.01745613
   0.02262269  0.30296386 -0.20433543  0.20396196 -0.44464235 -0.28358562
   0.37772585  0.07854574  0.09668637  0.12473953  0.04787783  0.07265896
  -0.24507208 -0.08815821]
 [ 0.02215238 -0.21044589  0.1192641   0.39021634 -0.24435521  0.06076611
  -0.13061145 -0.14804332 -0.20799767 -0.07448033 -0.25541054 -0.0767776
   0.09195323 -0.16882312  0.27071762  0.14254051  0.00382209 -0.21336872
   0.18525702  0.06224159  0.15660778 -0.25729487  0.49372306 -0.08045386
  -0.03963515 -0.09788197]
 [ 0.13231921 -0.14422712 -0.07760387  0.27538326 -0.02608635 -0.19606447
  -0.03497343 -0.10185828 -0.17518844  0.12670911 -0.03095434  0.04455772
  -0.25076482 -0.26540739 -0.29638725 -0.00289732  0.02019569 -0.37949501
  -0.2191714  -0.43356545  0.23532539  0.078284   -0.26552408  0.18802149
   0.10042654 -0.01891446]
 [ 0.10553914  0.12656247  0.25357112  0.268224    0.09479841 -0.02966767
  -0.25171115  0.13714054  0.31650054  0.17086317  0.09972397  0.16001426
  -0.09771995 -0.07011562  0.08936012  0.10610893 -0.41925516  0.05135413
