Framework: torch
Final Environment (all values):
x0: shape=(4, 4)
tensor([[0.4483, 0.3504, 0.2489, 0.2502],
        [0.3504, 0.2739, 0.1946, 0.1955],
        [0.2489, 0.1946, 0.1385, 0.1387],
        [0.2502, 0.1955, 0.1387, 0.1398]], dtype=torch.float64)

x1: shape=(4, 4)
tensor([[-0.2981,  1.0776,  1.3426, -0.6083],
        [-0.9768,  0.9319, -0.7553, -1.1125],
        [-0.5346, -0.5907, -1.0988,  1.9357],
        [ 0.3477,  1.5874, -0.4192,  1.5475]], dtype=torch.float64)

x2: shape=(4, 4)
tensor([[-0.7139,  0.4075,  1.9886,  0.8034],
        [ 1.7392, -0.8058,  0.6053,  1.2171],
        [ 1.1838,  1.3212,  0.1511,  0.3984],
        [ 1.4099, -1.5159,  0.7483, -0.6140]], dtype=torch.float64)

x3: shape=(4, 4)
tensor([[ 1.1802,  1.9419, -0.4122, -1.9099],
        [-0.2124, -1.2294,  0.9362,  1.0229],
        [ 1.1708, -1.2836, -0.6765,  1.9557],
        [ 0.5558,  1.7436, -0.7016, -0.0665]], dtype=torch.float64)

x4: shape=(4, 4)
tensor([[0.7100, 0.0000, 0.0000, 0.0000],
        [0.0000, 0.8326, 0.0000, 0.0000],
        [0.0000, 0.0000, 0.8861, 0.0000],
        [0.0000, 0.0000, 0.0000, 1.2467]], dtype=torch.float64)

x5: shape=(17, 17)
tensor([[-0.2114,  0.2661,  0.3488,  0.0288, -0.0911,  0.0231, -0.0968,  0.1526,
          0.0126,  0.0311,  0.1427, -0.0714, -0.3717, -0.2008,  0.6101, -0.0739,
         -0.3711],
        [-0.5886,  0.0925, -0.4472,  0.2923,  0.0462,  0.4698, -0.1563, -0.0908,
          0.2155, -0.0996, -0.0214,  0.0197, -0.0029,  0.0414,  0.0855,  0.1669,
          0.1002],
        [ 0.1198,  0.1297, -0.5791, -0.2071, -0.0949, -0.2242, -0.4280, -0.1352,
         -0.3506,  0.3756,  0.0131, -0.1564, -0.0671, -0.0402,  0.1318,  0.0556,
         -0.1211],
        [ 0.1674,  0.2350, -0.2167, -0.2164, -0.1811, -0.0635,  0.1906,  0.1034,
          0.1227, -0.1487,  0.4399,  0.3253,  0.0503, -0.2221,  0.2880,  0.0961,
          0.5085],
        [-0.3206, -0.0630, -0.1539,  0.2317, -0.1524, -0.3202,  0.3397, -0.3645,
         -0.1979, -0.0590,  0.2230,  0.0556, -0.2570, -0.1192, -0.1740, -0.4855,
         -0.0141],
        [-0.1732,  0.2506,  0.1446, -0.1933,  0.5263, -0.3357, -0.2132, -0.2899,
          0.2819,  0.0840, -0.2592,  0.1190, -0.0389,  0.0644,  0.1157, -0.2080,
          0.3154],
        [-0.2086, -0.1079,  0.2459,  0.4326, -0.1563, -0.2291, -0.2937,  0.2304,
         -0.3682,  0.1199, -0.1693,  0.1405,  0.2352, -0.2672,  0.0506,  0.0877,
          0.3817],
        [ 0.0832, -0.3837, -0.0465,  0.1204,  0.3129,  0.0235,  0.2568, -0.2217,
         -0.2422, -0.0705,  0.0735, -0.3339,  0.2131,  0.1599,  0.5852,  0.0363,
          0.1429],
        [-0.1089, -0.2202,  0.0295,  0.0623,  0.3132, -0.0402,  0.0544, -0.0270,
          0.1935,  0.5222,  0.4270,  0.3030,  0.2945, -0.2207, -0.0570,  0.1236,
         -0.3054],
        [-0.1701, -0.1549,  0.1357, -0.2581, -0.1107,  0.1241, -0.4467,  0.0514,
         -0.1205, -0.2041,  0.3856,  0.1137,  0.2963,  0.3823,  0.0170, -0.4241,
         -0.0200],
        [-0.3927,  0.0344,  0.0952, -0.3224, -0.4964, -0.2226,  0.2764, -0.1355,
          0.1629,  0.1951, -0.2011, -0.1286,  0.3662,  0.1779,  0.1151,  0.1941,
         -0.0502],
        [-0.2044,  0.1349,  0.1282, -0.2038,  0.1503,  0.1072,  0.0209,  0.1633,
         -0.0336,  0.1268,  0.3013, -0.6903,  0.0221, -0.2800, -0.2880, -0.0362,
          0.2705],
        [-0.1183,  0.3564,  0.1920,  0.0860,  0.1642, -0.1337,  0.0627, -0.1271,
         -0.3710, -0.0714,  0.3054,  0.0908, -0.1244,  0.4461, -0.1637,  0.5139,
         -0.0142],
        [-0.3553, -0.4240, -0.1573, -0.4239,  0.2269, -0.2029,  0.0756,  0.3956,
         -0.1589, -0.2298, -0.1075,  0.1514, -0.2761, -0.0796, -0.0193,  0.1905,
         -0.0530],
        [-0.0079,  0.0210,  0.1439, -0.2321,  0.0159,  0.1465, -0.1379, -0.5237,
         -0.2000, -0.4036, -0.0612,  0.0737,  0.2112, -0.5275, -0.0606,  0.1967,
         -0.1806],
        [ 0.0544, -0.4687,  0.2169, -0.0490, -0.2577,  0.0644, -0.2556, -0.3482,
          0.2216,  0.1764,  0.1544, -0.0333, -0.4751,  0.0529, -0.0215,  0.2473,
          0.2745],
        [-0.0566,  0.0644,  0.1211, -0.2683,  0.0265,  0.5418,  0.2456, -0.0616,
         -0.4133,  0.4191, -0.1998,  0.2832, -0.1240,  0.0208,  0.0205, -0.1789,
          0.1814]], dtype=torch.float64)

x6: shape=(17, 17)
tensor([[ 2.4304e+01,  5.8915e+00,  4.0827e+00, -1.2569e+01, -1.9489e+00,
         -1.0378e+01,  4.7378e-01,  1.5802e+01,  9.6669e+00,  6.3733e+00,
         -6.4227e-01, -6.7168e-01, -4.2322e+00, -3.4849e+00, -6.9526e+00,
         -9.2935e+00,  8.3532e-01],
        [ 5.8915e+00,  3.0591e+01,  5.4090e-01, -5.4243e+00,  1.0902e+01,
         -3.6063e-01,  6.7694e+00, -9.9620e-02, -1.3699e+00,  1.2170e+01,
         -5.6978e+00,  1.0490e+01,  5.2317e+00, -2.6585e+00, -4.9933e+00,
         -3.6438e+00,  2.9461e+00],
        [ 4.0827e+00,  5.4090e-01,  2.0900e+01,  5.2487e+00, -5.3684e-01,
          8.5591e-01,  5.1725e+00,  2.1959e+00, -3.9449e+00,  1.7067e+00,
         -9.3635e+00,  6.2404e+00, -1.2443e+00,  6.7747e+00,  1.6336e+00,
          3.7281e+00, -3.3169e+00],
        [-1.2569e+01, -5.4243e+00,  5.2487e+00,  2.8031e+01, -3.2150e-01,
         -1.4780e+00,  1.0677e+01, -8.1324e+00, -1.7021e+00, -7.1934e+00,
         -6.0372e+00,  5.9990e+00, -4.4600e+00, -5.6777e-02,  6.0336e+00,
          1.1842e+01, -1.5439e+01],
        [-1.9489e+00,  1.0902e+01, -5.3684e-01, -3.2150e-01,  1.9413e+01,
         -5.2237e+00,  2.3754e+00, -1.1828e+00, -4.2402e+00,  6.6733e+00,
          3.6656e+00,  4.0306e+00,  4.2057e+00,  4.9999e+00,  3.7316e+00,
         -6.7263e+00,  1.6255e+00],
        [-1.0378e+01, -3.6063e-01,  8.5591e-01, -1.4780e+00, -5.2237e+00,
          2.5040e+01, -8.6111e-01, -6.4878e+00, -5.1046e+00, -6.0009e+00,
          4.0963e+00, -1.5474e-01,  5.1607e+00,  1.8113e-01, -2.0874e+00,
          1.1068e+00,  3.0529e+00],
        [ 4.7378e-01,  6.7694e+00,  5.1725e+00,  1.0677e+01,  2.3754e+00,
         -8.6111e-01,  2.6899e+01, -1.3214e+00, -8.2470e-01,  8.3036e+00,
         -9.0594e+00,  1.1553e+01,  6.1662e+00, -5.6973e+00, -8.4582e+00,
         -1.8291e+00, -1.0173e+00],
        [ 1.5802e+01, -9.9620e-02,  2.1959e+00, -8.1324e+00, -1.1828e+00,
         -6.4878e+00, -1.3214e+00,  2.4862e+01,  1.5496e+01,  3.2377e+00,
         -4.4369e+00, -4.1322e+00, -9.2283e+00, -5.9004e-01,  4.3611e-01,
         -9.3618e-01, -7.4820e+00],
        [ 9.6669e+00, -1.3699e+00, -3.9449e+00, -1.7021e+00, -4.2402e+00,
         -5.1046e+00, -8.2470e-01,  1.5496e+01,  2.0552e+01, -4.2738e+00,
         -3.4027e+00, -8.5720e+00, -6.2210e+00, -6.6005e+00, -1.6211e+00,
          7.6930e-01, -8.0101e+00],
        [ 6.3733e+00,  1.2170e+01,  1.7067e+00, -7.1934e+00,  6.6733e+00,
         -6.0009e+00,  8.3036e+00,  3.2377e+00, -4.2738e+00,  2.2269e+01,
          2.0079e-02,  6.8306e+00,  6.0456e+00,  4.5405e+00, -5.2569e+00,
         -4.0123e+00,  1.2120e+01],
        [-6.4227e-01, -5.6978e+00, -9.3635e+00, -6.0372e+00,  3.6656e+00,
          4.0963e+00, -9.0594e+00, -4.4369e+00, -3.4027e+00,  2.0079e-02,
          2.5948e+01, -7.0345e+00, -4.5294e-01, -3.5890e+00,  4.3312e+00,
         -1.1181e+01,  7.9805e+00],
        [-6.7168e-01,  1.0490e+01,  6.2404e+00,  5.9990e+00,  4.0306e+00,
         -1.5474e-01,  1.1553e+01, -4.1322e+00, -8.5720e+00,  6.8306e+00,
         -7.0345e+00,  3.0763e+01,  9.3643e+00, -2.0968e+00, -3.6994e+00,
          7.1055e+00,  3.1011e+00],
        [-4.2322e+00,  5.2317e+00, -1.2443e+00, -4.4600e+00,  4.2057e+00,
          5.1607e+00,  6.1662e+00, -9.2283e+00, -6.2210e+00,  6.0456e+00,
         -4.5294e-01,  9.3643e+00,  1.9217e+01,  4.8226e+00, -6.9490e+00,
         -4.0740e+00,  1.7974e+01],
        [-3.4849e+00, -2.6585e+00,  6.7747e+00, -5.6777e-02,  4.9999e+00,
          1.8113e-01, -5.6973e+00, -5.9004e-01, -6.6005e+00,  4.5405e+00,
         -3.5890e+00, -2.0968e+00,  4.8226e+00,  2.3117e+01,  7.9149e+00,
          2.6930e+00,  1.0607e+01],
        [-6.9526e+00, -4.9933e+00,  1.6336e+00,  6.0336e+00,  3.7316e+00,
         -2.0874e+00, -8.4582e+00,  4.3611e-01, -1.6211e+00, -5.2569e+00,
          4.3312e+00, -3.6994e+00, -6.9490e+00,  7.9149e+00,  2.1576e+01,
          7.4147e+00, -1.7936e+00],
        [-9.2935e+00, -3.6438e+00,  3.7281e+00,  1.1842e+01, -6.7263e+00,
          1.1068e+00, -1.8291e+00, -9.3618e-01,  7.6930e-01, -4.0123e+00,
         -1.1181e+01,  7.1055e+00, -4.0740e+00,  2.6930e+00,  7.4147e+00,
          2.1507e+01, -6.2512e+00],
        [ 8.3532e-01,  2.9461e+00, -3.3169e+00, -1.5439e+01,  1.6255e+00,
          3.0529e+00, -1.0173e+00, -7.4820e+00, -8.0101e+00,  1.2120e+01,
          7.9805e+00,  3.1011e+00,  1.7974e+01,  1.0607e+01, -1.7936e+00,
         -6.2512e+00,  3.4781e+01]], dtype=torch.float64)

x7: shape=(17, 17)
tensor([[ 26.4081,  12.7815,  14.0652,   9.2882,  -3.3386,   4.0014,   0.5396,
          -1.7206,   2.5174,  -2.3181,  -9.9469,   1.3254,   2.8595,   0.9774,
          -6.3781,  11.6806,  -2.0170],
        [ 12.7815,  26.3975,  16.2837,   4.0057,  -2.3993,  -2.3079,   6.0765,
           4.2388,  -1.6255,   5.4122,  -5.8022,   2.3885,   7.7563,   0.8696,
          -3.5700,   7.1666,  -5.0111],
        [ 14.0652,  16.2837,  26.2206,   5.8260,  -4.7500,   1.2776,   6.2947,
          -3.5170,  -3.9783,   2.0697,  -4.4609,  -1.1222,   5.4125,  -6.6144,
          -0.1917,   5.1585,  -5.5935],
        [  9.2882,   4.0057,   5.8260,  21.6618,  -5.2549,   2.2474,   4.5923,
          -7.9934,   3.0292,  11.4082,  -3.9257,  -2.7912,  -2.0975,  -0.5604,
           0.4280,  14.1371,  -8.8923],
        [ -3.3386,  -2.3993,  -4.7500,  -5.2549,  26.6176,   6.5056, -13.3079,
           2.3997,   1.1612,  -2.4621,  -4.1191,   9.8203,   4.4533,  -4.9992,
          -0.2928,  -2.6812,   2.3540],
        [  4.0014,  -2.3079,   1.2776,   2.2474,   6.5056,  20.5303,  -2.5851,
          -7.0554,   6.3158,  -7.0897,  -3.3223, -12.3758,  -9.1467,  -1.1334,
           0.7234,   4.9963,   2.2823],
        [  0.5396,   6.0765,   6.2947,   4.5923, -13.3079,  -2.5851,  32.6550,
           4.5866, -10.3393,   4.7797,  -1.4399, -13.7438,   4.6483,   1.0238,
          -9.9344,  11.3487, -11.1922],
        [ -1.7206,   4.2388,  -3.5170,  -7.9934,   2.3997,  -7.0554,   4.5866,
          16.2723, -10.4668,   0.1529,   3.5066,   2.9074,  13.1517,  -0.5319,
         -11.9790,  -1.3616,   2.3601],
        [  2.5174,  -1.6255,  -3.9783,   3.0292,   1.1612,   6.3158, -10.3393,
         -10.4668,  22.0333,   2.0218,  -1.2052,   2.1655, -12.2383,   4.3236,
          10.2919,  -4.2278,   0.0507],
        [ -2.3181,   5.4122,   2.0697,  11.4082,  -2.4621,  -7.0897,   4.7797,
           0.1529,   2.0218,  21.5523,   0.2511,   1.4086,   4.9917,  -0.4558,
           3.2475,   5.3319,  -6.9316],
        [ -9.9469,  -5.8022,  -4.4609,  -3.9257,  -4.1191,  -3.3223,  -1.4399,
           3.5066,  -1.2052,   0.2511,  18.7985,  -6.2475,  -5.0384,  -4.1872,
           4.6550,  -9.4092,   2.1962],
        [  1.3254,   2.3885,  -1.1222,  -2.7912,   9.8203, -12.3758, -13.7438,
           2.9074,   2.1655,   1.4086,  -6.2475,  32.4091,   8.6532,  -1.4887,
          -3.4079, -11.3322,  -1.9322],
        [  2.8595,   7.7563,   5.4125,  -2.0975,   4.4533,  -9.1467,   4.6483,
          13.1517, -12.2383,   4.9917,  -5.0384,   8.6532,  23.1302,   0.8265,
          -8.5991,   7.3496,   1.2754],
        [  0.9774,   0.8696,  -6.6144,  -0.5604,  -4.9992,  -1.1334,   1.0238,
          -0.5319,   4.3236,  -0.4558,  -4.1872,  -1.4887,   0.8265,  30.4881,
           9.0764,   2.2451,  -4.9769],
        [ -6.3781,  -3.5700,  -0.1917,   0.4280,  -0.2928,   0.7234,  -9.9344,
         -11.9790,  10.2919,   3.2475,   4.6550,  -3.4079,  -8.5991,   9.0764,
          26.0592,  -2.3348,   2.2105],
        [ 11.6806,   7.1666,   5.1585,  14.1371,  -2.6812,   4.9963,  11.3487,
          -1.3616,  -4.2278,   5.3319,  -9.4092, -11.3322,   7.3496,   2.2451,
          -2.3348,  27.9991,   0.8131],
        [ -2.0170,  -5.0111,  -5.5935,  -8.8923,   2.3540,   2.2823, -11.1922,
           2.3601,   0.0507,  -6.9316,   2.1962,  -1.9322,   1.2754,  -4.9769,
           2.2105,   0.8131,  17.6156]], dtype=torch.float64)

x8: shape=(17, 17)
tensor([[ 1.8786e+01,  2.2807e+00,  2.3389e-01,  1.1929e+00, -1.6192e+00,
          6.0099e+00, -9.9300e+00, -3.9328e+00,  1.3764e+00,  4.0479e+00,
          7.7247e+00, -6.7521e+00, -5.0841e+00,  1.6510e+00, -6.0261e+00,
          1.2359e+00,  1.6403e+00],
        [ 2.2807e+00,  2.1355e+01,  6.1819e-01, -4.4682e+00, -2.2807e+00,
         -9.9088e-02, -2.0188e+00,  2.7763e+00, -7.9340e-01,  8.6768e+00,
          1.0439e+00,  1.1783e+00, -1.0752e+01,  9.1159e+00, -5.1087e+00,
         -1.3594e+00,  1.8758e+00],
        [ 2.3389e-01,  6.1819e-01,  2.3711e+01,  1.2733e+00,  2.6559e+00,
          5.3684e+00,  1.5112e+00,  7.7437e+00,  1.4721e+00, -8.8929e-03,
         -5.5018e+00,  8.4731e+00,  3.1776e+00, -1.8174e-01,  6.1957e-01,
          3.1518e+00, -2.2346e+00],
        [ 1.1929e+00, -4.4682e+00,  1.2733e+00,  2.2965e+01, -2.1550e+00,
          4.7684e+00,  2.8575e+00,  1.2264e+00, -7.6766e-01, -3.7713e-01,
         -4.4295e+00,  2.8023e+00, -1.9234e+00, -1.9827e+00, -7.4290e+00,
         -2.8029e+00,  6.7111e+00],
        [-1.6192e+00, -2.2807e+00,  2.6559e+00, -2.1550e+00,  2.0519e+01,
         -3.6336e+00, -3.7029e+00, -1.1801e+00,  5.3575e+00, -4.4207e+00,
          2.3030e+00,  2.9535e+00,  9.9876e+00,  5.0168e+00,  4.9958e+00,
          2.9296e-01,  8.2001e+00],
        [ 6.0099e+00, -9.9088e-02,  5.3684e+00,  4.7684e+00, -3.6336e+00,
          1.2342e+01, -4.0183e+00, -7.4034e+00, -5.3161e+00,  4.6296e+00,
         -2.2796e+00, -1.8635e+00, -3.7628e+00, -3.3617e+00, -4.4198e+00,
         -3.1068e-01, -3.6610e-01],
        [-9.9300e+00, -2.0188e+00,  1.5112e+00,  2.8575e+00, -3.7029e+00,
         -4.0183e+00,  2.2022e+01,  3.1702e+00, -2.3112e+00, -9.7344e-01,
         -5.3911e+00,  4.4580e+00,  6.7415e+00,  7.9496e-02,  2.9349e-01,
          7.2281e+00,  2.9059e+00],
        [-3.9328e+00,  2.7763e+00,  7.7437e+00,  1.2264e+00, -1.1801e+00,
         -7.4034e+00,  3.1702e+00,  3.0602e+01,  6.6312e+00,  3.1346e+00,
         -5.4729e-01,  8.3610e+00, -1.1862e+00, -1.8355e+00, -4.1314e-01,
         -5.9105e+00,  9.2888e-01],
        [ 1.3764e+00, -7.9340e-01,  1.4721e+00, -7.6766e-01,  5.3575e+00,
         -5.3161e+00, -2.3112e+00,  6.6312e+00,  2.5891e+01,  9.2227e+00,
          4.2171e+00, -1.8130e+00, -3.3709e+00, -4.8457e+00,  4.8223e+00,
         -8.1703e+00,  8.9258e+00],
        [ 4.0479e+00,  8.6768e+00, -8.8929e-03, -3.7713e-01, -4.4207e+00,
          4.6296e+00, -9.7344e-01,  3.1346e+00,  9.2227e+00,  2.8241e+01,
                -inf, -2.2454e+00, -1.4121e+01, -9.1252e+00, -3.3598e+00,
         -9.1685e-01, -4.1538e+00],
        [ 7.7247e+00,  1.0439e+00, -5.5018e+00, -4.4295e+00,  2.3030e+00,
         -2.2796e+00, -5.3911e+00, -5.4729e-01,  4.2171e+00, -3.3311e-01,
          3.6550e+01, -1.6159e+01,  5.8824e+00, -7.0154e-01, -2.0781e+00,
          4.9945e+00,  8.9343e+00],
        [-6.7521e+00,  1.1783e+00,  8.4731e+00,  2.8023e+00,  2.9535e+00,
         -1.8635e+00,  4.4580e+00,  8.3610e+00, -1.8130e+00, -2.2454e+00,
         -1.6159e+01,  1.5062e+01,  1.1924e+00,  5.9652e+00,  3.5420e+00,
         -1.5332e+00, -5.1728e+00],
        [-5.0841e+00, -1.0752e+01,  3.1776e+00, -1.9234e+00,  9.9876e+00,
         -3.7628e+00,  6.7415e+00, -1.1862e+00, -3.3709e+00, -1.4121e+01,
          5.8824e+00,  1.1924e+00,  1.8784e+01,  2.7208e+00,  4.6525e+00,
          5.8011e+00,  4.4748e+00],
        [ 1.6510e+00,  9.1159e+00, -1.8174e-01, -1.9827e+00,  5.0168e+00,
         -3.3617e+00,  7.9496e-02, -1.8355e+00, -4.8457e+00, -9.1252e+00,
         -7.0154e-01,  5.9652e+00,  2.7208e+00,  1.9014e+01, -3.9785e-01,
         -1.2499e+00,  5.0213e+00],
        [-6.0261e+00, -5.1087e+00,  6.1957e-01, -7.4290e+00,  4.9958e+00,
         -4.4198e+00,  2.9349e-01, -4.1314e-01,  4.8223e+00, -3.3598e+00,
         -2.0781e+00,  3.5420e+00,  4.6525e+00, -3.9785e-01,  1.6170e+01,
         -7.6257e-01, -5.7659e+00],
        [ 1.2359e+00, -1.3594e+00,  3.1518e+00, -2.8029e+00,  2.9296e-01,
         -3.1068e-01,  7.2281e+00, -5.9105e+00, -8.1703e+00, -9.1685e-01,
          4.9945e+00, -1.5332e+00,  5.8011e+00, -1.2499e+00, -7.6257e-01,
          2.6765e+01, -5.6958e-01],
        [ 1.6403e+00,  1.8758e+00, -2.2346e+00,  6.7111e+00,  8.2001e+00,
         -3.6610e-01,  2.9059e+00,  9.2888e-01,  8.9258e+00, -4.1538e+00,
          8.9343e+00, -5.1728e+00,  4.4748e+00,  5.0213e+00, -5.7659e+00,
         -5.6958e-01,  3.0302e+01]], dtype=torch.float64)

x9: shape=(17, 17)
tensor([[ 0.3007,  0.0911,  0.9791,  1.6518,  1.1938,  1.0339,  1.9837,  1.5607,
         -0.6338, -0.9341, -1.6230,  0.2222, -1.1060, -0.5473,  0.6656, -1.0855,
         -1.1034],
        [ 0.5502, -0.7233,  1.2185,  0.3227,  1.9076,  0.2248,  0.9565, -1.9214,
          0.5808,  1.2038, -1.0611, -1.7880, -0.6320, -1.3461, -0.5111, -0.2314,
         -0.6464],
        [ 1.9658,  1.5154, -1.5885,  1.0971,  0.3460, -0.6456, -0.4339,  1.8093,
          0.5880,  1.4508, -0.1141, -0.7384, -1.5106,  0.1062, -0.3870, -1.9028,
          1.8245],
        [ 0.7102, -1.0443, -0.5030,  0.2740, -1.9088,  0.9156, -1.6553,  1.2358,
          1.7616,  1.4080, -0.1272,  1.1020, -0.0286,  1.7170,  1.7605, -1.1320,
          0.3015],
        [-0.0745,  1.8740, -1.1731,  0.6048,  0.0593,  0.7920,  0.5509,  1.2552,
          1.7308, -0.0521, -0.6014, -1.1785, -0.8368, -0.9456,  1.7491,  0.3132,
         -1.3293],
        [-1.1829,  1.7979,  1.4527,  0.9484,  1.5542,  1.4604, -0.6614, -0.9963,
          1.8418, -0.2751, -0.3513, -0.1345,  0.6336,  1.1172, -1.8725, -0.0541,
         -1.6630],
        [ 0.2097,  0.0381,  1.0672, -1.5335, -1.7008,  1.7002, -0.4866, -0.5040,
          0.8972, -1.1827, -0.9914, -1.6301, -0.5519, -0.9014,  0.0059,  0.3814,
         -1.7856],
        [-0.1608,  1.4932,  1.5667,  0.4939,  0.9079, -1.0369,  0.4155, -1.2074,
          0.9818, -0.0559,  0.2998, -0.1009,  1.7510,  1.1119,  0.7244, -0.0197,
          1.4131],
        [-1.6320, -1.9616,  0.8501,  0.9836, -1.4101,  0.5591, -0.6332, -0.8341,
          0.4966, -1.8617, -0.0930, -1.3135,  0.7622,  1.5666,  1.6245, -0.5367,
         -1.7676],
        [ 1.1682, -1.2424,  0.8291, -1.1313,  0.3158,  1.3908, -1.3598, -1.8033,
          1.5210,  0.8815, -1.7895, -0.8849,  0.3472,  1.4868,  0.2468, -1.6529,
         -0.7525],
        [-0.6603, -1.3175, -0.2272, -1.9179,  1.8945,  1.4449,  0.6487, -0.7270,
         -1.5781, -1.1535,  0.0123, -0.1112, -1.3871,  1.2227, -0.6047,  0.7720,
          1.3329],
        [-0.3609, -0.3501, -1.0606, -1.4748,  1.0087,  0.4828,  0.1484, -1.3696,
         -0.2028,  0.6512,  1.1128, -1.9834, -1.3169, -0.9501,  1.0048, -0.6557,
          1.6344],
        [ 0.8903,  0.3233,  1.2982, -1.7348,  0.7625,  0.1322, -0.3165,  1.3848,
         -0.1214,  0.6572, -1.0056,  1.5300, -1.8771, -1.3372,  1.3847, -0.0194,
         -1.1663],
        [-1.2293, -1.7701,  0.4991, -1.3071,  1.4002, -0.0202, -0.4864,  1.7655,
         -0.1832, -1.6021,  1.7930, -1.9468,  1.3087, -1.7120,  0.0812,  1.9186,
         -1.3176],
        [-1.0581, -0.6463,  1.4199,  1.0012,  0.2670, -0.0524,  1.4865,  0.9002,
         -1.8651,  0.1519,  0.7938, -0.1003, -1.6203,  1.6453, -0.0641,  0.0962,
          0.2264],
        [ 1.3238, -1.6266,  0.0735, -0.3137,  0.8509,  0.3558, -0.8042, -1.2183,
         -0.7632,  0.2795,  0.2694,  1.3355, -0.3087,  1.4988,  0.7862, -1.4222,
         -0.6354],
        [-0.1669, -1.9384, -1.8933,  0.0902,  0.2476,  0.9588,  1.2959, -1.2063,
          0.3674,  1.8689,  1.0170, -0.4479, -1.5347,  0.1748, -1.0361,  0.3466,
          0.2407]], dtype=torch.float64)

x10: shape=(26, 26)
tensor([[ 0.3120, -0.3991, -0.0619,  0.1714, -0.6614,  0.6024, -0.6064,  1.1283,
         -0.1966, -0.4480, -0.9003,  0.1390, -0.3985, -0.8178,  0.1282, -0.2500,
         -1.1149, -0.8330, -0.0627,  0.4695, -0.5341, -1.0989,  0.2759,  0.2494,
         -0.6158,  0.5007],
        [-0.3991,  1.6552, -0.1978, -1.1152,  0.7612, -0.2525,  1.5594,  0.0031,
          0.8328,  1.1239, -1.2177,  1.2278,  0.1822, -0.6985, -0.9243,  0.1127,
          1.0290, -0.7713,  0.8777,  0.1672,  1.0765, -1.1862, -1.1554,  1.2356,
          0.4103, -0.1634],
        [-0.0619, -0.1978,  0.8837, -1.0685, -0.1788,  0.9230, -0.7167,  0.6119,
          0.7259, -0.2695, -0.4797, -0.8583, -0.4188, -0.0805, -0.4161, -0.3220,
         -1.8514, -0.1316,  0.5977,  1.7331, -0.8278,  0.3700, -1.2862,  1.5745,
          0.5532,  1.8256],
        [ 0.1714, -1.1152, -1.0685, -0.2805, -0.4364, -1.2974,  1.0714, -1.3044,
          0.9432,  0.2536, -0.7494, -0.8885,  0.8249,  1.0645, -0.3992, -0.4049,
         -0.0031, -0.0840, -0.5872, -0.9177, -0.9980,  0.2605,  1.1685,  0.1165,
         -0.3551, -1.4100],
        [-0.6614,  0.7612, -0.1788, -0.4364, -1.0573, -1.0397,  1.5829, -0.2655,
          1.2122, -0.2798, -0.8217,  0.1600, -0.1477,  0.7931,  0.6757,  1.0269,
          0.7688,  0.0359, -1.4516,  0.6252,  0.6850,  0.4373, -0.5476,  0.0370,
         -1.6143,  0.9492],
        [ 0.6024, -0.2525,  0.9230, -1.2974, -1.0397, -1.1825,  1.0304,  0.2176,
          0.7976, -0.1710,  0.2698, -0.6276,  1.2612,  0.7018,  1.2145,  1.4975,
          0.7316, -0.9392, -0.1490, -0.5914,  0.1987, -1.3807, -1.0709,  0.0180,
          1.4038,  0.5384],
        [-0.6064,  1.5594, -0.7167,  1.0714,  1.5829,  1.0304,  1.8444, -0.0139,
          0.4469,  0.9160, -1.5473, -0.0281, -1.1167, -0.4173,  1.4320,  0.5898,
         -1.2751,  0.3972, -0.9132,  0.5563, -1.7592,  0.4274,  0.3434, -0.0092,
          0.0923, -0.0392],
        [ 1.1283,  0.0031,  0.6119, -1.3044, -0.2655,  0.2176, -0.0139, -1.7118,
         -1.6807,  0.6806,  1.3907, -0.3934,  0.1630, -0.3852, -0.0993,  0.6613,
         -0.7793,  0.3694, -1.3316,  0.8679,  0.5651,  0.8696,  0.4105, -1.5752,
         -0.2982, -0.6739],
        [-0.1966,  0.8328,  0.7259,  0.9432,  1.2122,  0.7976,  0.4469, -1.6807,
          1.4619, -1.1767, -0.0979, -0.7939,  0.6012, -0.9841, -0.4651, -0.5346,
          0.0555,  1.0077, -0.9291, -0.1933,  1.2273,  0.4750,  0.0505,  0.2239,
          0.3989,  1.8380],
        [-0.4480,  1.1239, -0.2695,  0.2536, -0.2798, -0.1710,  0.9160,  0.6806,
         -1.1767, -0.2526,  0.7506, -1.3600,  0.4920,  0.4475,  0.7076, -0.3524,
         -0.0861, -0.0443, -1.4512, -0.3402,  1.1673, -0.4899,  0.9183,  1.5766,
          0.1146, -0.0089],
        [-0.9003, -1.2177, -0.4797, -0.7494, -0.8217,  0.2698, -1.5473,  1.3907,
         -0.0979,  0.7506, -0.8180,  1.1355,  1.9066,  0.3496,  1.0114,  0.0514,
          1.2057, -0.8573,  0.1310,  0.2499,  0.0222,  0.8039,  0.6344,  0.5929,
          1.3099,  0.3469],
        [ 0.1390,  1.2278, -0.8583, -0.8885,  0.1600, -0.6276, -0.0281, -0.3934,
         -0.7939, -1.3600,  1.1355,  0.9320, -0.7634, -1.0114, -0.4705,  0.7412,
          1.1819, -0.4732,  1.3856,  1.1136,  0.3996, -0.0960,  0.4099,  1.6807,
         -0.6086, -0.1560],
        [-0.3985,  0.1822, -0.4188,  0.8249, -0.1477,  1.2612, -1.1167,  0.1630,
          0.6012,  0.4920,  1.9066, -0.7634,  1.9396, -0.1691, -0.2272, -0.0684,
          1.1248,  0.9285, -0.5932, -0.5534, -1.5817,  1.0316, -1.5294, -1.0322,
          0.1977, -0.2610],
        [-0.8178, -0.6985, -0.0805,  1.0645,  0.7931,  0.7018, -0.4173, -0.3852,
         -0.9841,  0.4475,  0.3496, -1.0114, -0.1691, -0.9262,  0.9389, -0.0154,
         -0.1653, -0.9745,  1.5119, -0.0559, -0.9111, -0.6103,  0.1979, -0.0313,
          0.0970,  0.1174],
        [ 0.1282, -0.9243, -0.4161, -0.3992,  0.6757,  1.2145,  1.4320, -0.0993,
         -0.4651,  0.7076,  1.0114, -0.4705, -0.2272,  0.9389, -0.6399, -0.6904,
         -0.3874,  1.0416, -0.0682,  1.1692, -1.2232, -0.8882, -0.8759,  0.4532,
          0.4319, -0.1292],
        [-0.2500,  0.1127, -0.3220, -0.4049,  1.0269,  1.4975,  0.5898,  0.6613,
         -0.5346, -0.3524,  0.0514,  0.7412, -0.0684, -0.0154, -0.6904, -0.5361,
         -0.9422, -1.1521, -0.2473, -0.4216,  0.3033, -0.8206,  0.3452,  0.1824,
         -0.8130,  0.6392],
        [-1.1149,  1.0290, -1.8514, -0.0031,  0.7688,  0.7316, -1.2751, -0.7793,
          0.0555, -0.0861,  1.2057,  1.1819,  1.1248, -0.1653, -0.3874, -0.9422,
          1.5142, -1.2061, -1.1098,  0.3452, -0.1108,  1.2256,  0.0306, -0.4818,
          1.6752,  0.0936],
        [-0.8330, -0.7713, -0.1316, -0.0840,  0.0359, -0.9392,  0.3972,  0.3694,
          1.0077, -0.0443, -0.8573, -0.4732,  0.9285, -0.9745,  1.0416, -1.1521,
         -1.2061, -0.5256,  0.6229, -0.9854, -0.0771, -0.4335,  0.1699,  0.7721,
         -1.0569,  0.6416],
        [-0.0627,  0.8777,  0.5977, -0.5872, -1.4516, -0.1490, -0.9132, -1.3316,
         -0.9291, -1.4512,  0.1310,  1.3856, -0.5932,  1.5119, -0.0682, -0.2473,
         -1.1098,  0.6229, -0.9405,  0.2132,  1.4910,  0.3700, -0.5768,  1.2092,
         -0.6595, -0.8307],
        [ 0.4695,  0.1672,  1.7331, -0.9177,  0.6252, -0.5914,  0.5563,  0.8679,
         -0.1933, -0.3402,  0.2499,  1.1136, -0.5534, -0.0559,  1.1692, -0.4216,
          0.3452, -0.9854,  0.2132,  0.9520, -0.4012, -1.4940, -0.8112, -1.2874,
          0.2192, -1.7634],
        [-0.5341,  1.0765, -0.8278, -0.9980,  0.6850,  0.1987, -1.7592,  0.5651,
          1.2273,  1.1673,  0.0222,  0.3996, -1.5817, -0.9111, -1.2232,  0.3033,
         -0.1108, -0.0771,  1.4910, -0.4012, -0.7507, -0.0047,  0.1037,  0.9741,
         -0.9835, -0.8999],
        [-1.0989, -1.1862,  0.3700,  0.2605,  0.4373, -1.3807,  0.4274,  0.8696,
          0.4750, -0.4899,  0.8039, -0.0960,  1.0316, -0.6103, -0.8882, -0.8206,
          1.2256, -0.4335,  0.3700, -1.4940, -0.0047,  1.3933,  0.1506, -0.0056,
          0.0986, -0.8661],
        [ 0.2759, -1.1554, -1.2862,  1.1685, -0.5476, -1.0709,  0.3434,  0.4105,
          0.0505,  0.9183,  0.6344,  0.4099, -1.5294,  0.1979, -0.8759,  0.3452,
          0.0306,  0.1699, -0.5768, -0.8112,  0.1037,  0.1506, -1.7693,  0.4626,
         -0.2718,  0.2111],
        [ 0.2494,  1.2356,  1.5745,  0.1165,  0.0370,  0.0180, -0.0092, -1.5752,
          0.2239,  1.5766,  0.5929,  1.6807, -1.0322, -0.0313,  0.4532,  0.1824,
         -0.4818,  0.7721,  1.2092, -1.2874,  0.9741, -0.0056,  0.4626, -0.7732,
          1.3358, -1.2150],
        [-0.6158,  0.4103,  0.5532, -0.3551, -1.6143,  1.4038,  0.0923, -0.2982,
          0.3989,  0.1146,  1.3099, -0.6086,  0.1977,  0.0970,  0.4319, -0.8130,
          1.6752, -1.0569, -0.6595,  0.2192, -0.9835,  0.0986, -0.2718,  1.3358,
         -1.4689,  0.8689],
        [ 0.5007, -0.1634,  1.8256, -1.4100,  0.9492,  0.5384, -0.0392, -0.6739,
          1.8380, -0.0089,  0.3469, -0.1560, -0.2610,  0.1174, -0.1292,  0.6392,
          0.0936,  0.6416, -0.8307, -1.7634, -0.8999, -0.8661,  0.2111, -1.2150,
          0.8689,  1.3032]], dtype=torch.float64)

x11: shape=(26, 26)
tensor([[1.7321, 0.0000, 0.0000, 0.0000, 0.0000, 0.0000, 0.0000, 0.0000, 0.0000,
         0.0000, 0.0000, 0.0000, 0.0000, 0.0000, 0.0000, 0.0000, 0.0000, 0.0000,
         0.0000, 0.0000, 0.0000, 0.0000, 0.0000, 0.0000, 0.0000, 0.0000],
        [0.0000, 1.0279, 0.0000, 0.0000, 0.0000, 0.0000, 0.0000, 0.0000, 0.0000,
         0.0000, 0.0000, 0.0000, 0.0000, 0.0000, 0.0000, 0.0000, 0.0000, 0.0000,
         0.0000, 0.0000, 0.0000, 0.0000, 0.0000, 0.0000, 0.0000, 0.0000],
        [0.0000, 0.0000, 0.7252, 0.0000, 0.0000, 0.0000, 0.0000, 0.0000, 0.0000,
         0.0000, 0.0000, 0.0000, 0.0000, 0.0000, 0.0000, 0.0000, 0.0000, 0.0000,
         0.0000, 0.0000, 0.0000, 0.0000, 0.0000, 0.0000, 0.0000, 0.0000],
        [0.0000, 0.0000, 0.0000, 0.7308, 0.0000, 0.0000, 0.0000, 0.0000, 0.0000,
         0.0000, 0.0000, 0.0000, 0.0000, 0.0000, 0.0000, 0.0000, 0.0000, 0.0000,
         0.0000, 0.0000, 0.0000, 0.0000, 0.0000, 0.0000, 0.0000, 0.0000],
        [0.0000, 0.0000, 0.0000, 0.0000, 1.2113, 0.0000, 0.0000, 0.0000, 0.0000,
         0.0000, 0.0000, 0.0000, 0.0000, 0.0000, 0.0000, 0.0000, 0.0000, 0.0000,
         0.0000, 0.0000, 0.0000, 0.0000, 0.0000, 0.0000, 0.0000, 0.0000],
        [0.0000, 0.0000, 0.0000, 0.0000, 0.0000, 0.6865, 0.0000, 0.0000, 0.0000,
         0.0000, 0.0000, 0.0000, 0.0000, 0.0000, 0.0000, 0.0000, 0.0000, 0.0000,
         0.0000, 0.0000, 0.0000, 0.0000, 0.0000, 0.0000, 0.0000, 0.0000],
        [0.0000, 0.0000, 0.0000, 0.0000, 0.0000, 0.0000, 0.5013, 0.0000, 0.0000,
         0.0000, 0.0000, 0.0000, 0.0000, 0.0000, 0.0000, 0.0000, 0.0000, 0.0000,
         0.0000, 0.0000, 0.0000, 0.0000, 0.0000, 0.0000, 0.0000, 0.0000],
        [0.0000, 0.0000, 0.0000, 0.0000, 0.0000, 0.0000, 0.0000, 1.6295, 0.0000,
         0.0000, 0.0000, 0.0000, 0.0000, 0.0000, 0.0000, 0.0000, 0.0000, 0.0000,
         0.0000, 0.0000, 0.0000, 0.0000, 0.0000, 0.0000, 0.0000, 0.0000],
        [0.0000, 0.0000, 0.0000, 0.0000, 0.0000, 0.0000, 0.0000, 0.0000, 1.2076,
         0.0000, 0.0000, 0.0000, 0.0000, 0.0000, 0.0000, 0.0000, 0.0000, 0.0000,
         0.0000, 0.0000, 0.0000, 0.0000, 0.0000, 0.0000, 0.0000, 0.0000],
        [0.0000, 0.0000, 0.0000, 0.0000, 0.0000, 0.0000, 0.0000, 0.0000, 0.0000,
         1.9710, 0.0000, 0.0000, 0.0000, 0.0000, 0.0000, 0.0000, 0.0000, 0.0000,
         0.0000, 0.0000, 0.0000, 0.0000, 0.0000, 0.0000, 0.0000, 0.0000],
        [0.0000, 0.0000, 0.0000, 0.0000, 0.0000, 0.0000, 0.0000, 0.0000, 0.0000,
         0.0000, 1.1495, 0.0000, 0.0000, 0.0000, 0.0000, 0.0000, 0.0000, 0.0000,
         0.0000, 0.0000, 0.0000, 0.0000, 0.0000, 0.0000, 0.0000, 0.0000],
        [0.0000, 0.0000, 0.0000, 0.0000, 0.0000, 0.0000, 0.0000, 0.0000, 0.0000,
         0.0000, 0.0000, 0.8689, 0.0000, 0.0000, 0.0000, 0.0000, 0.0000, 0.0000,
         0.0000, 0.0000, 0.0000, 0.0000, 0.0000, 0.0000, 0.0000, 0.0000],
        [0.0000, 0.0000, 0.0000, 0.0000, 0.0000, 0.0000, 0.0000, 0.0000, 0.0000,
         0.0000, 0.0000, 0.0000, 0.5724, 0.0000, 0.0000, 0.0000, 0.0000, 0.0000,
         0.0000, 0.0000, 0.0000, 0.0000, 0.0000, 0.0000, 0.0000, 0.0000],
        [0.0000, 0.0000, 0.0000, 0.0000, 0.0000, 0.0000, 0.0000, 0.0000, 0.0000,
         0.0000, 0.0000, 0.0000, 0.0000, 0.6672, 0.0000, 0.0000, 0.0000, 0.0000,
         0.0000, 0.0000, 0.0000, 0.0000, 0.0000, 0.0000, 0.0000, 0.0000],
        [0.0000, 0.0000, 0.0000, 0.0000, 0.0000, 0.0000, 0.0000, 0.0000, 0.0000,
         0.0000, 0.0000, 0.0000, 0.0000, 0.0000, 1.7963, 0.0000, 0.0000, 0.0000,
         0.0000, 0.0000, 0.0000, 0.0000, 0.0000, 0.0000, 0.0000, 0.0000],
        [0.0000, 0.0000, 0.0000, 0.0000, 0.0000, 0.0000, 0.0000, 0.0000, 0.0000,
         0.0000, 0.0000, 0.0000, 0.0000, 0.0000, 0.0000, 0.9976, 0.0000, 0.0000,
         0.0000, 0.0000, 0.0000, 0.0000, 0.0000, 0.0000, 0.0000, 0.0000],
        [0.0000, 0.0000, 0.0000, 0.0000, 0.0000, 0.0000, 0.0000, 0.0000, 0.0000,
         0.0000, 0.0000, 0.0000, 0.0000, 0.0000, 0.0000, 0.0000, 0.7881, 0.0000,
         0.0000, 0.0000, 0.0000, 0.0000, 0.0000, 0.0000, 0.0000, 0.0000],
        [0.0000, 0.0000, 0.0000, 0.0000, 0.0000, 0.0000, 0.0000, 0.0000, 0.0000,
         0.0000, 0.0000, 0.0000, 0.0000, 0.0000, 0.0000, 0.0000, 0.0000, 1.5617,
         0.0000, 0.0000, 0.0000, 0.0000, 0.0000, 0.0000, 0.0000, 0.0000],
        [0.0000, 0.0000, 0.0000, 0.0000, 0.0000, 0.0000, 0.0000, 0.0000, 0.0000,
         0.0000, 0.0000, 0.0000, 0.0000, 0.0000, 0.0000, 0.0000, 0.0000, 0.0000,
         0.5932, 0.0000, 0.0000, 0.0000, 0.0000, 0.0000, 0.0000, 0.0000],
        [0.0000, 0.0000, 0.0000, 0.0000, 0.0000, 0.0000, 0.0000, 0.0000, 0.0000,
         0.0000, 0.0000, 0.0000, 0.0000, 0.0000, 0.0000, 0.0000, 0.0000, 0.0000,
         0.0000, 0.7725, 0.0000, 0.0000, 0.0000, 0.0000, 0.0000, 0.0000],
        [0.0000, 0.0000, 0.0000, 0.0000, 0.0000, 0.0000, 0.0000, 0.0000, 0.0000,
         0.0000, 0.0000, 0.0000, 0.0000, 0.0000, 0.0000, 0.0000, 0.0000, 0.0000,
         0.0000, 0.0000, 0.8106, 0.0000, 0.0000, 0.0000, 0.0000, 0.0000],
        [0.0000, 0.0000, 0.0000, 0.0000, 0.0000, 0.0000, 0.0000, 0.0000, 0.0000,
         0.0000, 0.0000, 0.0000, 0.0000, 0.0000, 0.0000, 0.0000, 0.0000, 0.0000,
         0.0000, 0.0000, 0.0000, 0.6578, 0.0000, 0.0000, 0.0000, 0.0000],
        [0.0000, 0.0000, 0.0000, 0.0000, 0.0000, 0.0000, 0.0000, 0.0000, 0.0000,
         0.0000, 0.0000, 0.0000, 0.0000, 0.0000, 0.0000, 0.0000, 0.0000, 0.0000,
         0.0000, 0.0000, 0.0000, 0.0000, 1.2791, 0.0000, 0.0000, 0.0000],
        [0.0000, 0.0000, 0.0000, 0.0000, 0.0000, 0.0000, 0.0000, 0.0000, 0.0000,
         0.0000, 0.0000, 0.0000, 0.0000, 0.0000, 0.0000, 0.0000, 0.0000, 0.0000,
         0.0000, 0.0000, 0.0000, 0.0000, 0.0000, 0.8513, 0.0000, 0.0000],
        [0.0000, 0.0000, 0.0000, 0.0000, 0.0000, 0.0000, 0.0000, 0.0000, 0.0000,
         0.0000, 0.0000, 0.0000, 0.0000, 0.0000, 0.0000, 0.0000, 0.0000, 0.0000,
         0.0000, 0.0000, 0.0000, 0.0000, 0.0000, 0.0000, 1.6848, 0.0000],
        [0.0000, 0.0000, 0.0000, 0.0000, 0.0000, 0.0000, 0.0000, 0.0000, 0.0000,
         0.0000, 0.0000, 0.0000, 0.0000, 0.0000, 0.0000, 0.0000, 0.0000, 0.0000,
         0.0000, 0.0000, 0.0000, 0.0000, 0.0000, 0.0000, 0.0000, 1.9624]],
       dtype=torch.float64)

x12: shape=(26, 26)
tensor([[-0.0924, -0.2097,  0.2425,  0.1148, -0.1098, -0.1952,  0.1449,  0.3535,
          0.1616, -0.2920, -0.1327,  0.3769,  0.2108, -0.1577, -0.2282,  0.0742,
         -0.1968,  0.1210, -0.1306, -0.1473, -0.0316, -0.1025, -0.0459, -0.3044,
         -0.2121,  0.1951],
        [ 0.3420, -0.2440, -0.1539,  0.1919, -0.1693, -0.0766,  0.0606,  0.0412,
          0.2539,  0.3267,  0.1661, -0.0129,  0.3824,  0.2730,  0.2133, -0.1241,
         -0.0468,  0.0413, -0.4062, -0.0638, -0.0549, -0.0330,  0.1369,  0.1652,
          0.0484,  0.1304],
        [ 0.1357, -0.4870, -0.1392,  0.0080,  0.3737,  0.1815, -0.0331, -0.1903,
          0.0018, -0.1875,  0.1122, -0.0450,  0.0808, -0.1146,  0.2863, -0.2613,
         -0.2584,  0.0016,  0.2827, -0.1901, -0.0841,  0.0634, -0.2507, -0.1937,
         -0.0244,  0.0218],
        [ 0.0905, -0.1607, -0.2277, -0.2502, -0.1909, -0.1027,  0.1929,  0.1294,
         -0.1126,  0.1841, -0.0275,  0.0175,  0.0226,  0.3030, -0.2043,  0.2040,
         -0.4446, -0.2836,  0.3777,  0.0785,  0.0967,  0.1247,  0.0479,  0.0727,
         -0.2451, -0.0882],
        [ 0.0222, -0.2104,  0.1193,  0.3902, -0.2444,  0.0608, -0.1306, -0.1480,
         -0.2080, -0.0745, -0.2554, -0.0768,  0.0920, -0.1688,  0.2707,  0.1425,
          0.0038, -0.2134,  0.1853,  0.0622,  0.1566, -0.2573,  0.4937, -0.0805,
         -0.0396, -0.0979],
        [ 0.1323, -0.1442, -0.0776,  0.2754, -0.0261, -0.1961, -0.0350, -0.1019,
         -0.1752,  0.1267, -0.0310,  0.0446, -0.2508, -0.2654, -0.2964, -0.0029,
          0.0202, -0.3795, -0.2192, -0.4336,  0.2353,  0.0783, -0.2655,  0.1880,
          0.1004, -0.0189],
        [ 0.1055,  0.1266,  0.2536,  0.2682,  0.0948, -0.0297, -0.2517,  0.1371,
          0.3165,  0.1709,  0.0997,  0.1600, -0.0977, -0.0701,  0.0894,  0.1061,
         -0.4193,  0.0514,  0.0673,  0.2507,  0.2065,  0.1742, -0.1094, -0.0605,
          0.3016, -0.3473],
        [-0.3820, -0.0944,  0.1701,  0.0642, -0.0488, -0.0369,  0.1527, -0.4650,
          0.1350,  0.2585, -0.1439, -0.1811, -0.0976, -0.0159, -0.0487, -0.0340,
         -0.2764,  0.2173, -0.2229, -0.0497, -0.1628, -0.0559, -0.0603,  0.0417,
         -0.3553, -0.2828],
        [ 0.0245, -0.2235,  0.0025,  0.0458,  0.0478, -0.2659, -0.0574, -0.0207,
         -0.0386, -0.1750, -0.0217, -0.2359,  0.2788, -0.0318, -0.2669, -0.0497,
          0.2252,  0.3996,  0.1193,  0.0083,  0.2653,  0.4817,  0.1753,  0.1315,
         -0.0133, -0.2336],
        [ 0.2063, -0.0455,  0.2163, -0.2885, -0.0402,  0.3024, -0.0961, -0.3224,
          0.2678,  0.1329, -0.0831,  0.4885,  0.2053, -0.0897, -0.1285,  0.0463,
          0.2945, -0.1879,  0.0943, -0.0935, -0.0411,  0.1493,  0.0674,  0.0393,
         -0.1208, -0.1763],
        [ 0.3286, -0.1324,  0.1434,  0.1059,  0.4166, -0.3037, -0.1524, -0.0188,
         -0.0518, -0.1409, -0.2078, -0.0227, -0.1701,  0.2907, -0.1114,  0.1754,
          0.1028, -0.1554, -0.1259,  0.2105, -0.4531, -0.0375,  0.0415,  0.0085,
         -0.1170, -0.1157],
        [ 0.1543, -0.1145,  0.2321, -0.1080, -0.1091,  0.1079,  0.1530, -0.1720,
          0.0418, -0.1993,  0.4493, -0.2425,  0.0281, -0.0726, -0.2576,  0.4253,
         -0.1183,  0.0925,  0.0481, -0.1477, -0.1804, -0.2461,  0.0744,  0.0992,
          0.3314, -0.0233],
        [-0.0906, -0.0624, -0.1313,  0.0527, -0.0263,  0.0120,  0.1279,  0.2256,
          0.1789, -0.1669,  0.3236, -0.0182, -0.1684, -0.2489,  0.3928,  0.3694,
          0.1759, -0.1450, -0.1163,  0.0034, -0.0792,  0.2731,  0.0017,  0.1640,
         -0.3890, -0.1709],
        [-0.1578, -0.1167, -0.4159,  0.2047,  0.0652,  0.1457, -0.4346, -0.0969,
          0.0324,  0.0673,  0.2028,  0.1392,  0.0897, -0.1807, -0.3590,  0.1343,
         -0.0241,  0.1057,  0.0160,  0.3580, -0.0569, -0.1760, -0.0343,  0.1374,
         -0.1814,  0.2046],
        [ 0.0155,  0.0374, -0.0648,  0.3485, -0.2143,  0.2369,  0.0463, -0.1617,
          0.4127, -0.1587, -0.0462, -0.2157, -0.2521,  0.3213, -0.1891,  0.0213,
          0.1122, -0.1126,  0.1035, -0.0250,  0.0185,  0.2907, -0.0122, -0.3251,
         -0.0241,  0.2596],
        [ 0.2193,  0.2240,  0.0822, -0.0247, -0.3013, -0.0906, -0.2731,  0.0029,
         -0.2508,  0.0088,  0.3914, -0.0812, -0.0110, -0.1525, -0.1055, -0.3551,
         -0.1184, -0.0704, -0.0604, -0.0354, -0.2784,  0.1595,  0.1408, -0.3374,
         -0.2465, -0.1271],
        [-0.0285, -0.3311,  0.3375, -0.2045, -0.1190,  0.3926, -0.1695,  0.2598,
         -0.1358,  0.0865, -0.2041, -0.2962, -0.0309, -0.1327, -0.0461, -0.0225,
         -0.0889, -0.1116, -0.2546,  0.2421, -0.0589,  0.2643, -0.0956,  0.1302,
          0.0438,  0.2183],
        [-0.1649,  0.0649, -0.1608, -0.0418,  0.0557, -0.2909,  0.2476, -0.1267,
          0.2114,  0.0765, -0.1179, -0.0756,  0.1904, -0.4224, -0.0372, -0.0740,
         -0.0713, -0.3106,  0.0634,  0.2115, -0.3398,  0.2283,  0.1783, -0.0518,
          0.3296,  0.1522],
        [-0.0135,  0.0391, -0.3705, -0.3441,  0.0806,  0.0488, -0.3654,  0.0970,
          0.2198, -0.0583, -0.2487, -0.2098,  0.0127, -0.0468, -0.0194,  0.2171,
         -0.1324, -0.0105, -0.2860, -0.3198,  0.0655, -0.0625,  0.2079, -0.2903,
          0.0827, -0.1980],
        [-0.2523,  0.0021, -0.0045,  0.1350,  0.0805,  0.0570, -0.0183, -0.1149,
         -0.4401,  0.2266,  0.0880,  0.1599,  0.2633,  0.1970,  0.1011,  0.4287,
          0.0542,  0.0217, -0.1180, -0.0958, -0.1104,  0.3211, -0.1112, -0.3626,
          0.1634,  0.0438],
        [ 0.2886, -0.1057, -0.1589, -0.0527, -0.3579, -0.1172,  0.0863, -0.0015,
          0.0138,  0.1383, -0.1902, -0.1463,  0.0395, -0.1938,  0.0598,  0.1449,
          0.2661,  0.1622,  0.0843,  0.2487, -0.0488, -0.1772, -0.5160, -0.2885,
          0.0285, -0.1938],
        [-0.1961, -0.3743, -0.0955,  0.0701,  0.0245,  0.1418,  0.1408,  0.3439,
          0.0091,  0.3110,  0.1053,  0.1317, -0.3241,  0.0293, -0.1702, -0.1863,
          0.2402,  0.0903,  0.1079, -0.0671, -0.2129, -0.0862,  0.2568, -0.1539,
          0.2103, -0.2919],
        [ 0.0497, -0.1988,  0.1526, -0.2677,  0.2142, -0.2493,  0.0699, -0.1800,
          0.0512,  0.2198,  0.2648, -0.0297, -0.2266, -0.0665,  0.0264,  0.0530,
          0.1089, -0.0391, -0.1350,  0.2347,  0.4489, -0.0743,  0.1750, -0.3561,
         -0.1083,  0.2713],
        [ 0.3137,  0.1257, -0.2342,  0.0977,  0.1487,  0.3747,  0.4644, -0.0780,
         -0.2130, -0.1655, -0.0932,  0.1330, -0.0556, -0.1377, -0.1446, -0.0283,
         -0.1628,  0.1167, -0.3369,  0.2430,  0.1211,  0.0823,  0.1580, -0.0919,
         -0.0111, -0.1630],
        [ 0.0678,  0.2392,  0.1444,  0.1951,  0.3904,  0.1882,  0.1369,  0.2627,
          0.0775,  0.3123,  0.0298, -0.3745,  0.3463, -0.1214, -0.1837,  0.0377,
          0.1101, -0.1631,  0.1510, -0.1218,  0.0650, -0.1568, -0.0457, -0.1052,
         -0.2632, -0.0409],
        [-0.3121, -0.1121,  0.0053, -0.0324, -0.0335,  0.0129,  0.0234, -0.0205,
          0.0324, -0.3141,  0.1972, -0.0470,  0.2729,  0.2409, -0.0926, -0.2036,
          0.0973, -0.4478, -0.2267,  0.2442,  0.1723, -0.1629, -0.1844, -0.0862,
