Framework: tf
Beginning symbolic replay...

Step 0
  Symbolic: Sum(x14:Matrix(215, 215)) -> t0
  Concrete: tf.reduce_sum(x14)
  Result shape: ()
  Result value:
162.11898803710938

Step 1
  Symbolic: MatMul(x390:Matrix(409, 409), x393:Matrix(409, 409)) -> t1
  Concrete: tf.linalg.matmul(x390, x393)
  Result shape: (409, 409)
  Result value:
[[  1.6253382    7.505817    -2.4455948  ...  14.998748   -14.020582
  -12.963381  ]
 [ -2.9184742   -2.2617218    7.5956726  ... -10.547823   -10.7954
   14.545611  ]
 [  5.030279    -4.2217345   -0.51283574 ...   9.824641    -3.8045511
  -20.12921   ]
 ...
 [ -5.6587424  -13.876728    12.175982   ... -13.6998005    7.909781
  -22.200182  ]
 [ 10.059336     6.5297976   12.174116   ... -16.376308     5.157954
  -11.90522   ]
 [ -7.0408864   14.20907      0.7998233  ...   7.233254   -24.166147
   16.249338  ]]

Step 2
  Symbolic: MatMul(x191:Matrix(215, 215), x12:Matrix(215, 215)) -> t2
  Concrete: tf.linalg.matmul(x191, x12)
  Result shape: (215, 215)
  Result value:
[[-16.902529     6.369251     3.9713297  ... -17.102581   -14.142761
    0.5738449 ]
 [ -7.094887   -16.474234     0.6051688  ...   9.687767     6.477207
   12.28063   ]
 [  5.9268055   12.3525305   25.21799    ...  -0.98719084   0.38248503
    1.7023535 ]
 ...
 [ 18.082169    -2.1023006  -10.293041   ...   8.59183    -16.106281
    4.0967164 ]
 [ 16.25409     -9.2845955    5.968753   ... -10.218528    -0.3600124
   17.174168  ]
 [ -3.7377927    0.39667296  -7.4193053  ...   5.67924    -10.720048
    8.879163  ]]

Step 3
  Symbolic: Sum(x218:Matrix(329, 4)) -> t3
  Concrete: tf.reduce_sum(x218)
  Result shape: ()
  Result value:
47.56800842285156

Step 4
  Symbolic: MatMul(x491:Matrix(130, 130), x490:Matrix(130, 130)) -> t4
  Concrete: tf.linalg.matmul(x491, x490)
  Result shape: (130, 130)
  Result value:
[[  0.72998357  -1.7805911    2.2542984  ...  -4.8415713    6.185913
   -7.6490192 ]
 [-13.499294    -3.5327575   -0.7208362  ...   1.2177633    1.9268003
  -19.242054  ]
 [ -4.2168093    4.3143024   10.004196   ...   4.024895    -3.718274
    8.768288  ]
 ...
 [  3.9172788  -12.96661     -0.8355846  ...   1.7301583    1.0092589
    3.1222699 ]
 [ -6.2531757   -7.626202    -6.548626   ...  -1.3229107  -23.773947
    8.745027  ]
 [  7.8070116   -3.791062     2.2684186  ...  -4.6092234    4.2397804
   -5.3627787 ]]

Step 5
  Symbolic: MatMul(x401:Matrix(257, 221), x403:Matrix(221, 5)) -> t5
  Concrete: tf.linalg.matmul(x401, x403)
  Result shape: (257, 5)
  Result value:
[[ 14.499509    -0.17075348 -23.003477   -10.687825   -13.315355  ]
 [  0.3554716   18.028759    -1.5262129   13.890244     3.0966253 ]
 [  5.1427236   15.068123    16.847054    27.622946   -34.22056   ]
 ...
 [ 42.237144     5.5674057   -6.6586933   17.341568    -6.608521  ]
 [ -9.906901     5.846754     9.507875    -9.30809      8.54227   ]
 [-27.090044    43.991463   -13.182581     2.3433082  -22.77394   ]]

Step 6
  Symbolic: Add(x473:Matrix(481, 481), x474:Matrix(481, 481)) -> t6
  Concrete: tf.add(x473, x474)
  Result shape: (481, 481)
  Result value:
[[-0.43881196 -0.3211047  -1.715007   ...  1.0328835  -0.24442568
  -0.2597034 ]
 [-0.3211047   3.4750795   1.0320624  ... -3.0592434   2.2720318
  -0.28974783]
 [-1.715007    1.0320624  -0.01466781 ...  0.41235736  0.42633763
   0.21698746]
 ...
 [ 1.0328835  -3.0592434   0.41235736 ...  0.26352763 -0.01264615
   0.48126125]
 [-0.24442568  2.2720318   0.42633763 ... -0.01264615  0.19859624
   1.5976734 ]
 [-0.2597034  -0.28974783  0.21698746 ...  0.48126125  1.5976734
   0.21574819]]

Step 7
  Symbolic: Add(x415:Matrix(315, 204), x416:Matrix(315, 204)) -> t7
  Concrete: tf.add(x415, x416)
  Result shape: (315, 204)
  Result value:
[[ 1.3167751  -0.33349335  2.2475815  ... -2.6589098  -2.1657286
  -2.9375207 ]
 [ 1.1273088  -3.1790519  -2.7884345  ...  0.6400068   2.4442604
  -0.09665644]
 [-0.92750067  0.9139284  -0.20847976 ... -0.16061306 -0.8077139
   2.2132058 ]
 ...
 [ 0.3046009  -3.0672832   2.1130724  ... -2.1217935  -0.32078642
   1.4847344 ]
 [ 1.0464014   0.18565953  0.74251163 ... -0.3499142   0.35741878
   0.60550225]
 [-2.1744013  -2.831372    1.4853338  ...  2.2400393  -2.4382665
   0.17497337]]

Step 8
  Symbolic: Subtract(x186:Matrix(112, 112), x188:Matrix(112, 112)) -> t8
  Concrete: tf.subtract(x186, x188)
  Result shape: (112, 112)
  Result value:
[[-1.8021064  -1.5399097  -1.4569105  ...  0.95294845 -0.0939523
  -1.2757511 ]
 [-1.5399097  -0.97654533  1.6004596  ... -1.0645504  -0.4704294
   0.17806095]
 [-1.4569105   1.6004596  -1.8826468  ... -0.410437   -1.1156023
  -0.09479737]
 ...
 [ 0.95294845 -1.0645504  -0.410437   ... -1.9776539  -0.38303965
  -1.1865628 ]
 [-0.0939523  -0.4704294  -1.1156023  ... -0.38303965  0.92939216
   1.808422  ]
 [-1.2757511   0.17806095 -0.09479737 ... -1.1865628   1.808422
   1.2070357 ]]

Step 9
  Symbolic: Subtract(x481:Matrix(184, 154), x480:Matrix(184, 154)) -> t9
  Concrete: tf.subtract(x481, x480)
  Result shape: (184, 154)
  Result value:
[[-0.74304926  0.4557749   1.625632   ...  0.8239396  -1.3761814
  -0.35631156]
 [-1.492716   -3.022628   -0.6611379  ...  0.0466128   0.66409564
  -0.96359545]
 [ 1.5156728   0.14043772 -0.48223764 ...  2.6314754   1.374294
  -3.0875323 ]
 ...
 [-0.9818229   0.02163199  1.2521113  ...  2.7332616   0.2827457
   0.1530338 ]
 [-0.22626352  0.38947502  1.4315664  ...  0.8618123  -0.47755873
   3.1337433 ]
 [ 0.9872873   0.76871014  0.5857705  ...  0.05361831  1.613273
  -3.0211887 ]]

Step 10
  Symbolic: MatMul(x134:Matrix(470, 470), x130:Matrix(470, 470)) -> t10
  Concrete: tf.linalg.matmul(x134, x130)
  Result shape: (470, 470)
  Result value:
[[ -9.25255    -23.500086    -7.41221    ...  -8.278313   -12.76059
  -21.247488  ]
 [-13.603199   -20.321526    -6.809023   ... -15.494591     8.941174
   20.313496  ]
 [  0.16318655  -7.5509477   -7.2432413  ...  -3.869067   -17.242819
   21.739363  ]
 ...
 [  7.486547     1.0454195   -1.7387748  ...   2.2445607  -32.826027
   -6.3355894 ]
 [-35.31254     21.295229    18.118687   ...  -4.8554955    9.686201
   17.18819   ]
 [-28.317558    22.62603      1.1046     ... -10.793409    21.848352
   -7.7798667 ]]

Step 11
  Symbolic: Add(x369:Matrix(4, 163), x369:Matrix(4, 163)) -> t11
  Concrete: tf.add(x369, x369)
  Result shape: (4, 163)
  Result value:
[[-0.27136144  3.9922738   2.2848485   3.7183735   2.126324    1.840529
  -3.8365781  -2.0101347   2.2042425  -1.0167624   2.489666   -3.7170014
   0.6721315   0.56216645 -0.64690465  0.9496251   2.2943697  -2.462942
  -1.601109    3.7383552   0.6217525  -2.543823   -3.9286194  -2.708897
  -3.2834547  -1.8652847   0.46653178 -3.8411593  -2.9287884  -2.0809221
  -2.0834975   1.8149307  -3.8897276   3.510333    0.90382403  3.044234
   2.69654    -2.8392437  -1.903646    2.154505   -1.3673631   0.95126784
   3.6712904  -1.0406188   3.5464156   1.153125    0.838611    2.4614213
  -2.7752128  -0.69175255 -0.8957043  -0.65133977 -1.8476634   3.6195211
  -3.838201   -0.8829378   0.45789653 -0.45695886  2.7161412  -0.07612094
   1.235001    3.262913    1.0335288   1.7059648  -2.6881022   3.1070216
   1.8162805  -2.9881074   1.0638506  -0.59713376 -2.843064    0.46550882
  -0.71638983  2.6229365   2.9400337   1.1787238  -3.8219883   2.841251
  -2.2611864   1.3035856  -3.4944232   0.32689506  0.4690127  -2.2288654
  -0.9116898   0.7687599   0.14028557 -0.3456137  -1.093674   -3.5893638
  -3.6266696  -3.7488954   1.9814217  -2.8491907  -1.0163454  -3.6423695
  -0.98304605 -2.45931     0.14336646  1.9407922  -3.8357677  -3.597611
  -3.6661353  -3.0033965   2.9106827  -2.6657627  -0.8631576   2.460387
   2.9155898   1.5447128  -1.0210587   2.4578001  -0.36178568  2.612575
   0.09161752  3.5181954   2.7160637  -0.66894525 -0.06713048  0.18340832
  -0.17953165  3.2770495   0.49821225  2.3710663  -3.8716404   1.3992456
   0.09072317 -3.8075764  -3.938955    3.2910728  -1.2775242   3.7724967
   2.2972198   3.323413   -3.7522783  -0.6876093  -1.8875228   1.8727841
   1.0525358   2.1140273   0.4317264  -1.607599   -3.9189157  -2.487074
   0.04042391 -2.4141338   3.1683707  -3.5146399   2.7463076   0.66881865
   0.5156259  -1.3033724  -3.2442195   1.7840246   3.9365053   2.9912338
  -3.5286608   3.7515988  -3.7457006  -2.2394772  -2.5345511   2.7981439
  -1.1610289 ]
 [-3.759348   -2.09781     0.05490224 -3.7002277  -3.85622     2.6666605
  -2.9344187   0.10752932  0.53375125 -0.49860543 -3.6641505   1.0363019
  -1.9901669   1.3398108  -2.7636511  -3.6515682  -0.65290016  3.656832
   0.8978841   0.8451668  -1.9878038  -1.1337626  -0.57520205  0.03055856
   1.1270666  -0.7874042  -2.1702776  -3.1941583   2.4395888   2.9143004
   1.2100582   2.9574516  -1.9328965   3.5939872  -3.7416854  -2.4204142
  -2.5351076  -0.54765373 -2.0302176  -3.6646612   2.9787781  -1.7412591
   0.9784435  -1.8451695  -1.542789    2.7864294  -3.1878405   1.7638655
  -3.413612   -0.395882    2.817154   -1.051851    1.7427046   1.6954423
  -1.1387501  -2.8288786  -0.31367737 -2.6685166   1.724689    0.2788675
   0.9897034  -3.6375911  -1.1993362   1.9542004  -3.3240862  -0.4092967
   3.4223332  -0.06264099 -1.2272811  -0.04706178 -2.2033598  -3.8627467
   0.9258802   3.705158    0.25162983 -0.85295975 -2.7685843   0.5373864
   0.8415407  -1.3066549  -2.8171716  -0.2781028  -2.772736    3.665453
  -1.8565145   2.796682    2.6437016  -3.4205601  -2.3579607   2.2131026
   2.223803   -3.9962513  -1.8621836  -3.561789   -2.004656   -3.847605
  -1.4829086   0.9177944  -2.928396   -2.2312608   2.755648    1.4798125
  -3.052032   -3.9734962   3.2643356   2.7096999   3.718692   -3.512147
   1.8158493   3.53769    -3.1325026  -2.1552715  -2.387491   -1.3020421
   0.3068984  -2.687606   -1.9804752   0.76196706  1.3164845  -0.6670205
   3.0208504  -1.1278566  -0.58130634 -2.9202957   2.7231479  -2.059226
   0.14810614 -1.4557092  -0.40620032 -3.7295935  -0.48116407  1.1752244
  -3.7717476  -0.1247034  -0.63246435  0.9284472   0.01458103  0.62995905
  -0.31929255  0.23099533  2.0496747   0.66298544 -1.5495068  -3.7886178
   2.829498    2.0509279  -3.4873438   0.37819535 -1.1164637   3.5311723
   1.097665   -1.7212378   0.25050348 -0.5138859  -1.2078235  -3.9726202
  -3.4243908  -1.7037351   1.6560335  -3.866582    1.3712928  -3.426065
  -0.16698706]
 [ 0.374989    1.5381031   1.4182167  -3.2234616   3.9624038  -0.16645364
  -3.9361615  -0.24688125  0.3167597  -0.00486471  2.3343537   2.374267
  -1.304449   -3.4742768  -3.3719025  -3.5945897  -2.169137   -1.5846013
  -2.8501623  -1.5200646   3.9689782  -0.53177565  1.9111102  -0.37617934
  -3.6695333  -0.46237564  0.96526027 -3.846676   -2.62162     0.7824085
  -0.20129073 -3.9370177   0.23594797  0.5877149   2.0146325  -0.01871309
  -0.88983554 -3.9291985  -3.364218   -2.3438652  -2.114506   -3.1284657
  -0.15317479 -3.337175    3.8365986   2.1799326   1.0915518   1.4995683
  -1.9275403  -2.7823822  -1.3493524   1.3560697  -1.5983222  -0.17515089
   2.9624512  -0.9392119  -0.01519961 -3.0344343   2.2986202   0.15197831
  -0.8220445   3.3557463   0.5484583   3.1790726  -3.516425    3.6402745
  -0.02706064 -3.0725415  -2.6308162  -1.527508   -3.4883926  -1.1430321
   0.09766168  3.0940228  -3.1030107  -1.7532368   2.4871655  -0.2028294
  -1.3082615   1.7405143   3.5749547   0.8096098  -0.1063602  -1.0812259
   2.6533985   0.9725048   1.670704    3.6687741   3.03886    -0.05867714
  -3.497019   -2.7956285  -1.5235217  -3.7105494   0.28023657  3.7964287
   0.50436956  2.8233762   1.9098797   0.57077575 -3.3832912  -3.073974
  -1.9702492   2.1259358  -0.27642292  2.8312578   3.6737835   1.3200554
   2.6386435  -0.30372688 -0.69452864  0.03613444  2.5672162  -2.5479248
   1.094849   -0.7870494  -3.5597913   3.1642098  -3.9783127  -2.3844376
   0.02098503  1.71374     0.00819832 -2.3821266  -0.5014308  -2.3975132
   3.6604145  -1.4426541   3.1444027   0.11710769  1.2674236   3.6815867
   0.8564674   1.085087   -1.3301553   3.6161265   1.5485259  -1.3379529
   0.47366628 -0.9886948  -0.07158038 -0.50127745 -3.0183837   0.5410789
   0.17386715  2.8078818  -2.2343009  -1.03315     1.5499198  -3.3801877
   3.3286145   2.8098102   0.51549655  3.0357215  -1.4034106  -0.39617527
  -1.0402999   0.79478085 -0.18621232  1.1440732   2.4697897  -3.7183373
  -2.8045259 ]
 [ 1.1468433   1.6433882  -3.3151853   0.5406924   2.0075307  -3.7447793
  -2.6992464  -0.91971046 -1.2574192   2.9546645  -1.4944471   2.1069446
  -0.38900745 -2.924103   -2.8945458   0.26231205 -0.9251146  -0.9451421
   2.0480692  -3.2415326  -2.3804643   1.8514605   0.7053323  -1.6685811
  -1.9643916  -0.9256328   2.815724   -1.6728212  -3.7329624   0.46603212
  -0.58773386  1.0240377  -0.22808036 -3.7530074   3.6809263   1.5921292
   3.0680077   3.7755425  -1.5806801   2.6064165   3.4169385  -0.8589041
   3.9822752  -0.43353337 -3.5090327  -1.410681   -0.5589308   3.9388692
   0.05952787  2.319686   -1.4253412   1.7719904   2.4513297  -1.5639591
   3.087436    0.12826097  2.158823    0.6455897   1.5357155   3.2822993
   3.1858375   0.63363117 -0.8759508  -2.6098258  -0.9361163   3.2209222
   3.0828729   1.5934446   3.0055518  -3.3726249   1.8018594  -0.58802295
   0.52548957 -0.70441335  2.2654996   1.4222159  -1.6979786   2.043158
  -3.3691854   3.7132175   3.019517   -1.1540356   3.1677728   0.567186
  -1.5438427  -3.051594   -3.6094398  -1.9738292  -1.9131886   0.01700065
   3.825583    3.8753645  -1.8428082   0.443969   -3.6983988   1.4267433
  -1.4580053   1.5367225  -1.1905806  -3.3908923   0.13342953 -1.9342306
   3.5594664   0.8703555  -0.315496   -0.5991032  -1.051026   -2.1613991
  -1.7501055  -2.8943932   3.0738213   2.439307    3.542607    1.3370953
   2.2152596  -1.022949   -1.0667484  -0.27782157 -2.7784972   3.074558
   3.9306936  -2.711456   -1.3866078   3.9044995   1.0793017   3.0520883
   0.5692582  -2.138623    0.5354685   1.9487056  -3.0909476  -1.7052977
   1.8394183   1.8874891  -2.2298408   2.0894701  -0.6784834  -3.386183
  -2.785821   -2.618876   -2.8506966  -0.70955616  1.313342   -0.18581793
  -2.4778543   2.6254473  -0.895313   -2.9617457   3.426963   -1.5719337
  -3.0060222   2.133737    0.73407996 -2.309273   -1.2770536  -0.6125852
   1.3535237   2.2953105  -3.8386881   0.66856754  3.2311463   3.1288137
   0.38052693]]

Step 12
  Symbolic: Add(x115:Matrix(437, 58), x116:Matrix(437, 58)) -> t12
  Concrete: tf.add(x115, x116)
  Result shape: (437, 58)
  Result value:
[[ 1.0277967   0.71913147  0.5548532  ...  0.33265018 -2.352319
   1.5868249 ]
 [-2.5993814   0.6410139  -0.3860663  ... -1.7368776  -1.0890214
  -1.0780028 ]
 [-0.47240505  1.0353496   0.19068351 ...  2.9639566   0.50785506
   0.566653  ]
 ...
 [-1.8221284  -0.24288052 -0.06264126 ...  0.39815843  1.9226098
  -1.137939  ]
 [-1.5621127  -2.651714   -1.065136   ...  2.6895003  -1.0147125
   0.9113608 ]
 [-0.47531325 -2.3223681  -0.46470058 ... -1.4150751   3.2640119
   1.5021936 ]]

Step 13
  Symbolic: MatMul(x414:Matrix(188, 188), x410:Matrix(188, 188)) -> t13
  Concrete: tf.linalg.matmul(x414, x410)
  Result shape: (188, 188)
  Result value:
[[ -6.9654694   -7.1687574    2.8955944  ...   1.0831792  -15.68189
    8.821946  ]
 [  3.4772773   14.00763      1.5546353  ...  10.495265    19.243053
  -15.2787075 ]
 [-12.650834    -3.02344     10.117498   ...  11.335482   -17.693108
   -3.3406913 ]
 ...
 [  3.4623468   -4.629927     0.8440278  ...  -7.986475    -0.5040138
   -5.4265747 ]
 [  4.647572    -2.403268    21.176807   ... -16.664837    -1.8366196
    3.0594895 ]
 [  1.4627123  -13.170139    11.822197   ...   0.78634304  -2.8931448
   -7.809022  ]]

Step 14
  Symbolic: Sum(x121:Matrix(424, 497)) -> t14
  Concrete: tf.reduce_sum(x121)
  Result shape: ()
  Result value:
-986.5220947265625

Step 15
  Symbolic: MatMul(x333:Matrix(79, 5), x24:Matrix(5, 457)) -> t15
  Concrete: tf.linalg.matmul(x333, x24)
  Result shape: (79, 457)
  Result value:
[[-3.5239797   2.3039804   1.5841739  ... -2.5805254   1.2562014
   0.4599274 ]
 [ 3.1871042  -2.1785293  -1.8512877  ...  2.294825   -1.1357374
   0.0435948 ]
 [-0.19906689  2.797111    2.8992991  ... -0.22814254  2.865832
   2.82999   ]
 ...
 [-4.641798    3.2621946  -0.6914914  ... -4.649676    2.9261594
   5.158257  ]
 [ 0.82859373  1.0972567   5.8568215  ...  3.5651844   1.8211262
  -1.9239174 ]
 [-3.701787    6.990953    5.09233    ... -3.3228455   3.4914327
   5.059215  ]]

Step 16
  Symbolic: Subtract(x41:Matrix(237, 237), x44:Matrix(237, 237)) -> t16
  Concrete: tf.subtract(x41, x44)
  Result shape: (237, 237)
  Result value:
[[ 0.40699905 -1.1362851  -0.4255246  ...  0.98370486  0.7320154
  -0.86944884]
 [-1.1362851  -0.96089685 -2.222227   ...  0.08345085 -0.22707754
  -0.24825135]
 [-0.4255246  -2.222227    1.1348801  ... -0.63859546 -0.00365138
  -0.5904528 ]
 ...
 [ 0.98370486  0.08345085 -0.63859546 ...  0.0678966  -0.2316587
   1.7481427 ]
 [ 0.7320154  -0.22707754 -0.00365138 ... -0.2316587  -2.0941772
   0.5436975 ]
 [-0.86944884 -0.24825135 -0.5904528  ...  1.7481427   0.5436975
  -1.3973778 ]]

Step 17
  Symbolic: Subtract(x50:Matrix(191, 304), x51:Matrix(191, 304)) -> t17
  Concrete: tf.subtract(x50, x51)
  Result shape: (191, 304)
  Result value:
[[-2.8357503  -2.9265726  -0.6247997  ... -1.8103353   0.05894351
  -1.3324621 ]
 [-2.1608312  -0.5222416  -3.3359995  ... -1.2126273   0.66509765
   2.3115122 ]
 [-0.23860288 -1.3554711   0.26283008 ...  0.31404698 -1.8296902
   3.1559849 ]
 ...
 [-0.80740064  0.08651644 -2.6073043  ...  2.5632372  -2.9605331
  -0.00665897]
 [ 0.03651452  0.1013267  -2.9764602  ... -2.6890392  -0.5031106
   0.49126774]
 [-0.03341895  0.93622035  0.97345996 ... -1.3484858   2.500556
   2.1655867 ]]

Step 18
  Symbolic: MatMul(x492:Matrix(130, 130), x490:Matrix(130, 130)) -> t18
  Concrete: tf.linalg.matmul(x492, x490)
  Result shape: (130, 130)
  Result value:
[[ -6.5792565    4.4072623    1.1280718  ...  11.759211    -7.9768796
    6.740862  ]
 [-11.022986    -2.436166    -4.019898   ...   1.6440171   -1.4694973
    3.1388795 ]
 [ -3.2018528  -13.921398     2.4026632  ...  -0.8507925   -4.9715714
  -11.245143  ]
 ...
 [ -9.448588    -2.4192734   -9.794965   ...  12.106804    -0.881368
    9.735377  ]
 [ 11.451453    -7.8612137   -1.4210525  ...  -1.1511184  -12.311522
   -0.06588775]
 [ -2.1841607   -2.3653905  -10.160351   ...   0.78917855   1.2312824
   -2.5888743 ]]

Step 19
  Symbolic: Add(x152:Matrix(276, 113), x152:Matrix(276, 113)) -> t19
  Concrete: tf.add(x152, x152)
  Result shape: (276, 113)
  Result value:
[[-0.35226643 -2.2852776  -1.9322165  ... -0.5028827   3.2936757
  -1.6877091 ]
 [-3.5914416  -3.479479   -1.7975091  ...  1.4454496  -2.1579547
   0.97538984]
 [ 0.01006863 -2.2400837   3.3916667  ... -3.7870572   3.1785352
  -2.340962  ]
 ...
 [-1.208406   -1.8668711   0.3458737  ... -0.36866248  0.30370978
   0.63563347]
 [ 2.2885842  -0.57254654 -3.5131404  ...  3.217534    2.568563
  -2.3329124 ]
 [-0.86753136 -3.004022   -3.0203853  ...  2.7920837  -0.65572566
   1.0491171 ]]

Step 20
  Symbolic: MatMul(x338:Matrix(274, 3), x119:Matrix(3, 437)) -> t20
  Concrete: tf.linalg.matmul(x338, x119)
  Result shape: (274, 437)
  Result value:
[[ 4.228157   -1.5920515  -0.857475   ...  1.8428595  -4.117572
  -2.2775605 ]
 [-2.0172162   4.523338   -0.5940415  ...  2.7085614  -1.0531783
  -0.22618985]
 [-2.2079468  -0.5854786   0.40850353 ... -2.9208333   3.4291656
   1.7381065 ]
 ...
 [-3.53756     2.416318   -0.26381165 ... -1.5176688   2.8131404
   1.617974  ]
 [-0.8303348  -2.4918177   0.44804162 ... -3.7173634   3.2175796
   1.4866959 ]
 [ 1.6524884   0.2693392  -0.8860597  ...  1.1132495  -2.2166111
  -1.160098  ]]

Step 21
  Symbolic: Subtract(x485:Matrix(110, 110), x485:Matrix(110, 110)) -> t21
  Concrete: tf.subtract(x485, x485)
  Result shape: (110, 110)
  Result value:
[[0. 0. 0. ... 0. 0. 0.]
 [0. 0. 0. ... 0. 0. 0.]
 [0. 0. 0. ... 0. 0. 0.]
 ...
 [0. 0. 0. ... 0. 0. 0.]
 [0. 0. 0. ... 0. 0. 0.]
 [0. 0. 0. ... 0. 0. 0.]]

Step 22
  Symbolic: Transpose(x24:Matrix(5, 457)) -> t22
  Concrete: tf.transpose(x24, perm=[1, 0])
  Result shape: (457, 5)
  Result value:
[[-1.6275145  -0.40550467  0.63020957  0.5565979   0.438082  ]
 [-0.36321035 -0.67704004 -1.6117325  -0.32056388 -1.8736665 ]
 [ 0.5546675  -1.5520445   0.45390347 -1.1841129  -1.8808854 ]
 ...
 [ 0.15111043 -0.92824113  1.4960487  -0.80188715  1.0784984 ]
 [-0.22081052  1.4075396   0.6637468  -0.9559444  -1.4818718 ]
 [-1.3838637   1.1913168  -1.8504673  -0.48457983 -0.57252   ]]

Step 23
  Symbolic: Subtract(x445:Matrix(104, 104), x449:Matrix(104, 104)) -> t23
  Concrete: tf.subtract(x445, x449)
  Result shape: (104, 104)
  Result value:
[[-0.4341011  -0.86686003 -0.19631529 ...  0.79967284  0.24364969
  -0.43512174]
 [-0.86686003 -1.190999   -0.48381382 ... -1.138934   -1.4559954
  -0.82260096]
 [-0.19631529 -0.48381382  1.4561815  ... -2.3414521  -0.8476219
  -0.04970491]
 ...
 [ 0.79967284 -1.138934   -2.3414521  ...  0.9930969   0.21667957
  -0.7310177 ]
 [ 0.24364969 -1.4559954  -0.8476219  ...  0.21667957  1.1109532
   1.0670822 ]
 [-0.43512174 -0.82260096 -0.04970491 ... -0.7310177   1.0670822
  -2.7587273 ]]

Step 24
  Symbolic: MatMul(x119:Matrix(3, 437), x208:Matrix(437, 5)) -> t24
  Concrete: tf.linalg.matmul(x119, x208)
  Result shape: (3, 5)
  Result value:
[[ 35.936768   -11.086719    -5.067448    31.034208   -64.485535  ]
 [  6.5025015   -0.79397964  26.411148    -4.202059   -48.172913  ]
 [-33.72022     -7.790056    28.678816    21.926517    -0.25927258]]

Step 25
  Symbolic: Subtract(x26:Matrix(326, 32), x25:Matrix(326, 32)) -> t25
  Concrete: tf.subtract(x26, x25)
  Result shape: (326, 32)
  Result value:
[[-1.5888593  -2.0283754   1.6289306  ... -0.29284608 -2.667452
  -0.23586495]
 [-2.494121    0.03070855 -0.694847   ...  0.6107592   0.2533772
   0.3630746 ]
 [-0.3124969   2.0824745   0.40847737 ...  1.2103457   0.48124838
  -0.30144808]
 ...
 [-1.3685182   0.36844277 -0.48268357 ... -1.943646    0.07202387
  -1.4200395 ]
 [-0.71948916 -1.113997    0.02642554 ...  0.85343945 -0.6946866
   2.2474942 ]
 [ 0.67461866 -2.7352064   0.5558067  ... -1.1098799   1.292095
  -0.45504612]]

Step 26
  Symbolic: MatMul(x104:Matrix(3, 415), x102:Matrix(415, 353)) -> t26
  Concrete: tf.linalg.matmul(x104, x102)
  Result shape: (3, 353)
  Result value:
[[-42.096558  -23.340282  -32.285408  ...  10.765564  -12.12471
   21.485476 ]
 [ 16.767366    3.1341982 -53.41703   ...  59.22233    54.07949
   -7.8727207]
 [-73.100685  -45.635773  -10.293331  ...  22.07954    33.390503
   18.002636 ]]

Step 27
  Symbolic: Subtract(x458:Matrix(75, 75), x456:Matrix(75, 75)) -> t27
  Concrete: tf.subtract(x458, x456)
  Result shape: (75, 75)
  Result value:
[[-0.21567595  0.43018603 -0.5453413  ...  0.79320747  0.8955499
   0.6187415 ]
 [ 0.43018603 -1.7776054  -1.6315765  ...  0.4073342   0.10394132
  -1.5476543 ]
 [-0.5453413  -1.6315765   1.6459513  ...  2.178745    0.80005646
  -2.1633494 ]
 ...
 [ 0.79320747  0.4073342   2.178745   ...  1.6043723   0.5898342
  -0.7708277 ]
 [ 0.8955499   0.10394132  0.80005646 ...  0.5898342  -1.8930924
   1.6640166 ]
 [ 0.6187415  -1.5476543  -2.1633494  ... -0.7708277   1.6640166
   0.00581396]]

Step 28
  Symbolic: Transpose(x231:Matrix(306, 306)) -> t28
  Concrete: tf.transpose(x231, perm=[1, 0])
  Result shape: (306, 306)
  Result value:
[[ 1.1189598  -0.30439478 -1.4895514  ... -0.3036604   0.29694384
   0.28889382]
 [-0.30439478  1.7234724  -0.21326283 ...  0.22222567  0.4391148
   0.24129853]
 [-1.4895514  -0.21326283 -0.16365951 ... -0.4464677   0.0681105
  -0.734234  ]
 ...
 [-0.3036604   0.22222567 -0.4464677  ... -1.7712789   0.23356414
  -0.1931276 ]
 [ 0.29694384  0.4391148   0.0681105  ...  0.23356414  0.7810165
   0.22001511]
 [ 0.28889382  0.24129853 -0.734234   ... -0.1931276   0.22001511
   0.95839745]]

Step 29
  Symbolic: MatMul(x91:Matrix(175, 175), x90:Matrix(175, 175)) -> t29
  Concrete: tf.linalg.matmul(x91, x90)
  Result shape: (175, 175)
  Result value:
[[  3.9524844   18.940245     6.1763215  ...  -2.0029547    1.8528229
   -7.576388  ]
 [  0.8283073    0.70255166   4.0266986  ... -14.158581    -2.9475262
    7.6488695 ]
 [ -1.3342445    0.24772023  -3.9772904  ...   9.974883     9.093672
  -14.670775  ]
 ...
 [-12.313399     1.4063249  -11.778557   ...  -3.9443147    1.1366959
    9.444608  ]
 [  3.0408988   -0.38094765  -5.026285   ...  13.688232    -4.8452854
   -1.7043909 ]
 [  1.9198709    6.6131487   10.232933   ...   0.93026173  -0.1251871
   -7.629607  ]]

Step 30
  Symbolic: Subtract(x473:Matrix(481, 481), x473:Matrix(481, 481)) -> t30
  Concrete: tf.subtract(x473, x473)
  Result shape: (481, 481)
  Result value:
[[0. 0. 0. ... 0. 0. 0.]
 [0. 0. 0. ... 0. 0. 0.]
 [0. 0. 0. ... 0. 0. 0.]
 ...
 [0. 0. 0. ... 0. 0. 0.]
 [0. 0. 0. ... 0. 0. 0.]
 [0. 0. 0. ... 0. 0. 0.]]

Step 31
  Symbolic: Add(x14:Matrix(215, 215), x193:Matrix(215, 215)) -> t31
  Concrete: tf.add(x14, x193)
  Result shape: (215, 215)
  Result value:
[[ 0.90764415 -0.857996   -0.651266   ...  1.9566301  -0.77159435
  -1.207964  ]
 [-0.857996    0.25073206  1.650877   ... -0.51785046 -1.4377537
   0.24739358]
 [-0.651266    1.650877   -2.8602054  ...  2.0895576  -0.43864036
   1.0324267 ]
 ...
 [ 1.9566301  -0.51785046  2.0895576  ...  1.0700891  -0.45134354
   0.9322253 ]
 [-0.77159435 -1.4377537  -0.43864036 ... -0.45134354 -0.13160586
   0.9489631 ]
 [-1.207964    0.24739358  1.0324267  ...  0.9322253   0.9489631
  -0.9453975 ]]

Step 32
  Symbolic: Subtract(x337:Matrix(84, 274), x336:Matrix(84, 274)) -> t32
  Concrete: tf.subtract(x337, x336)
  Result shape: (84, 274)
  Result value:
[[ 0.5629951   0.28933775  0.8647787  ... -0.42994046 -1.2221036
   3.6861296 ]
 [ 1.5846984  -1.350147   -1.3452456  ... -1.3835309  -1.4302539
  -0.48819643]
 [ 1.9739983   1.0705624  -1.4480014  ... -1.7125419   1.4927279
   1.3427376 ]
 ...
 [ 1.6322635   1.3393097   0.36163026 ... -0.93359876 -0.3170628
  -2.681087  ]
 [ 1.0315655   0.5643225  -2.0765986  ... -0.9754368   0.2763077
  -1.2216051 ]
 [ 0.2708472   3.0484393  -0.7785856  ...  2.454012    1.4684391
   1.3330499 ]]

Step 33
  Symbolic: MatMul(t20:Matrix(274, 437), x208:Matrix(437, 5)) -> t33
  Concrete: tf.linalg.matmul(t20, x208)
  Result shape: (274, 5)
  Result value:
[[  40.372185     10.280727    -67.70291     -21.804234     48.523167  ]
 [ -24.805815     26.079872     24.166912    -83.087006     43.103264  ]
 [  12.518394    -18.513813     35.514816     47.925022    -96.65939   ]
 ...
 [  16.9521       -2.1347885    49.483738     -6.4563866   -98.5239    ]
 [  31.56518     -26.768398     16.100256     75.452576   -110.939835  ]
 [  38.148933     10.244419    -30.56755     -29.656324     -0.19818306]]

Step 34
  Symbolic: Subtract(x197:Matrix(22, 22), x198:Matrix(22, 22)) -> t34
  Concrete: tf.subtract(x197, x198)
  Result shape: (22, 22)
  Result value:
[[ 1.6169415   0.5732254  -1.7807705  -1.9442527  -0.070273   -0.93670005
  -1.8675067   2.2614334  -0.35510093  0.84691566 -0.52977693 -1.9932697
   0.9401395   0.467372    0.83211553 -0.61088187 -1.9904871   0.29875845
   0.73459035 -0.9668976  -0.6551621  -0.6896231 ]
 [ 0.5732254   0.377895   -0.68389976  1.4679773   0.8508707  -1.913791
   0.5972414  -1.4974273  -0.5352218   0.35151726  0.14684275  1.0440793
  -0.4259089  -1.4971436  -0.2013166   1.9966437   0.8007225   0.31744274
  -0.53462577  0.22750735  0.19890043  0.11914587]
 [-1.7807705  -0.68389976  1.8507198   0.42810386 -0.99724764  0.01072824
   1.2857705  -1.7856748  -1.3605996  -1.2113258  -0.8061295   0.71726125
   0.582008   -0.9006226   0.3110655   0.00944906 -1.1990697   0.13061099
  -0.05327447 -1.2639785   0.4230892   0.15836453]
 [-1.9442527   1.4679773   0.42810386 -0.9935512   3.004585    0.6463653
  -1.0966806   0.5078917  -0.6263998   0.5991945   0.448367    1.0373266
  -0.75311553 -0.56747353 -0.08429179  0.17731866 -0.33802885  0.7595639
   0.04036927 -0.4777124   0.77951044  2.8608272 ]
 [-0.070273    0.8508707  -0.99724764  3.004585    0.38647062 -0.34630424
  -2.7373304   0.8499949   1.2262096  -0.48289832 -2.641591    1.2592682
  -0.46123815 -0.16691399  0.45858246 -0.1677213  -0.7814991   0.523393
   2.2446017   1.4183394   1.1824356  -1.594468  ]
 [-0.93670005 -1.913791    0.01072824  0.6463653  -0.34630424 -0.68721855
   0.44196784 -0.659354   -2.0456717  -0.27768055  1.6539755  -0.24660543
   0.05523178 -0.5302174  -0.60369813 -1.0349483   0.40059412  0.06063437
   0.9305557  -1.3501865   1.7401992   0.78617644]
 [-1.8675067   0.5972414   1.2857705  -1.0966806  -2.7373304   0.44196784
  -0.3788346   1.7038583   1.2698624  -0.40453076 -0.8685774   0.9480524
  -1.3909211  -1.5797539  -1.22543    -1.902602   -2.3664813   0.9939712
  -0.15227443 -0.01574087  1.2358276   0.04607558]
 [ 2.2614334  -1.4974273  -1.7856748   0.5078917   0.8499949  -0.659354
   1.7038583   1.0635726   0.29087168 -0.6894033  -0.80176693 -0.43264222
  -1.1823213  -0.8895565  -0.47067204  0.14348501  0.18387976  0.7615925
  -1.5276775   1.0094461  -1.515166   -0.21213353]
 [-0.35510093 -0.5352218  -1.3605996  -0.6263998   1.2262096  -2.0456717
   1.2698624   0.29087168 -0.9223675   1.9367518   0.29738227  1.8274603
  -1.1724105  -0.4798925  -0.1757003   0.133862   -2.0597582  -0.43814343
   0.908588    0.20833656  0.80907494  1.7205434 ]
 [ 0.84691566  0.35151726 -1.2113258   0.5991945  -0.48289832 -0.27768055
  -0.40453076 -0.6894033   1.9367518   0.17247617  1.0945704   0.39748347
   1.9318582   0.9988405  -2.1975281  -0.44718373  0.28066176  0.9098789
   0.5280441  -0.04943645  0.83644414  0.9954201 ]
 [-0.52977693  0.14684275 -0.8061295   0.448367   -2.641591    1.6539755
  -0.8685774  -0.80176693  0.29738227  1.0945704  -1.0148001  -0.1422252
   0.14385988 -0.99310887 -0.8569046  -0.08397278  1.239629    2.3683064
   0.830495   -0.48418546 -1.2578882  -1.5642112 ]
 [-1.9932697   1.0440793   0.71726125  1.0373266   1.2592682  -0.24660543
   0.9480524  -0.43264222  1.8274603   0.39748347 -0.1422252   0.80884254
  -0.0309107   0.9276201   0.08337963 -1.0389633   0.1554063   0.1614664
   2.0098863  -0.90805465 -0.28963882  2.3891535 ]
 [ 0.9401395  -0.4259089   0.582008   -0.75311553 -0.46123815  0.05523178
  -1.3909211  -1.1823213  -1.1724105   1.9318582   0.14385988 -0.0309107
  -1.1458844  -0.31862593 -0.5358658   0.9152715  -0.66307235  1.0924157
  -1.9762892   1.2293597  -0.99010545  1.2231351 ]
 [ 0.467372   -1.4971436  -0.9006226  -0.56747353 -0.16691399 -0.5302174
  -1.5797539  -0.8895565  -0.4798925   0.9988405  -0.99310887  0.9276201
  -0.31862593  0.06486028  0.9691576   0.90203714 -0.8930284  -1.2034853
  -1.3152325   0.9129435  -0.08065784 -0.5405215 ]
 [ 0.83211553 -0.2013166   0.3110655  -0.08429179  0.45858246 -0.60369813
  -1.22543    -0.47067204 -0.1757003  -2.1975281  -0.8569046   0.08337963
  -0.5358658   0.9691576  -0.65514934 -1.7164776   1.5772884  -0.5369399
  -0.12550426 -1.0329757   0.7753041  -1.0707176 ]
 [-0.61088187  1.9966437   0.00944906  0.17731866 -0.1677213  -1.0349483
  -1.902602    0.14348501  0.133862   -0.44718373 -0.08397278 -1.0389633
   0.9152715   0.90203714 -1.7164776  -0.11087775 -0.31589606  0.22215486
   0.5873139  -0.6496228   0.5410601  -2.388728  ]
 [-1.9904871   0.8007225  -1.1990697  -0.33802885 -0.7814991   0.40059412
  -2.3664813   0.18387976 -2.0597582   0.28066176  1.239629    0.1554063
  -0.66307235 -0.8930284   1.5772884  -0.31589606  0.18801388 -1.4642588
  -1.0163705   0.72309935 -0.8921798  -0.24649303]
 [ 0.29875845  0.31744274  0.13061099  0.7595639   0.523393    0.06063437
   0.9939712   0.7615925  -0.43814343  0.9098789   2.3683064   0.1614664
   1.0924157  -1.2034853  -0.5369399   0.22215486 -1.4642588   2.247391
   0.69847274  2.1402082   1.4469998  -0.46289647]
 [ 0.73459035 -0.53462577 -0.05327447  0.04036927  2.2446017   0.9305557
  -0.15227443 -1.5276775   0.908588    0.5280441   0.830495    2.0098863
  -1.9762892  -1.3152325  -0.12550426  0.5873139  -1.0163705   0.69847274
   2.3174946   1.8196144   0.37146336  1.0630531 ]
 [-0.9668976   0.22750735 -1.2639785  -0.4777124   1.4183394  -1.3501865
  -0.01574087  1.0094461   0.20833656 -0.04943645 -0.48418546 -0.90805465
   1.2293597   0.9129435  -1.0329757  -0.6496228   0.72309935  2.1402082
   1.8196144  -0.12738973  0.33760673 -2.6870058 ]
 [-0.6551621   0.19890043  0.4230892   0.77951044  1.1824356   1.7401992
   1.2358276  -1.515166    0.80907494  0.83644414 -1.2578882  -0.28963882
  -0.99010545 -0.08065784  0.7753041   0.5410601  -0.8921798   1.4469998
   0.37146336  0.33760673  0.56576437  1.776865  ]
 [-0.6896231   0.11914587  0.15836453  2.8608272  -1.594468    0.78617644
   0.04607558 -0.21213353  1.7205434   0.9954201  -1.5642112   2.3891535
   1.2231351  -0.5405215  -1.0707176  -2.388728   -0.24649303 -0.46289647
   1.0630531  -2.6870058   1.776865   -3.3272057 ]]

Step 35
  Symbolic: Add(x386:Matrix(303, 328), x386:Matrix(303, 328)) -> t35
  Concrete: tf.add(x386, x386)
  Result shape: (303, 328)
  Result value:
[[-0.44749323  2.8971035   3.502832   ... -1.3677127  -1.6511639
  -1.3135376 ]
 [-2.101948   -1.1326673  -0.28239593 ... -0.42833865 -3.9921286
  -1.9227798 ]
 [-0.05713597  3.5380003   1.0714793  ...  1.7526541   3.7875607
   3.8348305 ]
 ...
 [-2.4812355   3.02702    -1.6556139  ... -2.5336368  -0.54365593
  -3.6048496 ]
 [-3.561131   -1.010859   -2.7696013  ... -0.7193565   2.6779242
  -2.2694294 ]
 [ 1.241931    2.0922256  -3.017335   ... -1.6499627   0.59107995
   0.68832415]]

Step 36
  Symbolic: Subtract(x13:Matrix(215, 215), x190:Matrix(215, 215)) -> t36
  Concrete: tf.subtract(x13, x190)
  Result shape: (215, 215)
  Result value:
[[ 2.3303938   0.11003673 -1.840818   ... -0.6954547   1.0514919
  -0.34363154]
 [ 0.11003673 -0.10096428 -0.14430055 ...  0.95000774  1.2241971
  -0.02198142]
 [-1.840818   -0.14430055 -0.0306567  ... -1.1221654  -0.73971725
  -1.1385753 ]
 ...
 [-0.6954547   0.95000774 -1.1221654  ...  1.0246171   0.76107645
   0.09153092]
 [ 1.0514919   1.2241971  -0.73971725 ...  0.76107645 -0.1265935
  -0.8152867 ]
 [-0.34363154 -0.02198142 -1.1385753  ...  0.09153092 -0.8152867
   2.0822268 ]]

Step 37
  Symbolic: Subtract(t6:Matrix(481, 481), t30:Matrix(481, 481)) -> t37
  Concrete: tf.subtract(t6, t30)
  Result shape: (481, 481)
  Result value:
[[-0.43881196 -0.3211047  -1.715007   ...  1.0328835  -0.24442568
  -0.2597034 ]
 [-0.3211047   3.4750795   1.0320624  ... -3.0592434   2.2720318
  -0.28974783]
 [-1.715007    1.0320624  -0.01466781 ...  0.41235736  0.42633763
   0.21698746]
 ...
 [ 1.0328835  -3.0592434   0.41235736 ...  0.26352763 -0.01264615
   0.48126125]
 [-0.24442568  2.2720318   0.42633763 ... -0.01264615  0.19859624
   1.5976734 ]
 [-0.2597034  -0.28974783  0.21698746 ...  0.48126125  1.5976734
   0.21574819]]

Step 38
  Symbolic: Add(x107:Matrix(276, 276), x108:Matrix(276, 276)) -> t38
  Concrete: tf.add(x107, x108)
  Result shape: (276, 276)
  Result value:
[[ 1.7381663e+00  1.5453976e+00  1.0098758e+00 ... -2.2954121e-01
   1.8395950e+00  7.8462940e-01]
 [ 1.5453976e+00 -1.7525330e+00  8.1915677e-02 ...  2.4550605e-01
   1.5342581e-01 -2.0928884e-01]
 [ 1.0098758e+00  8.1915677e-02  8.8208449e-01 ...  1.6136429e+00
  -9.6328342e-01 -2.1344072e-01]
 ...
 [-2.2954121e-01  2.4550605e-01  1.6136429e+00 ...  3.5187089e-01
   9.0282309e-01  3.3410394e-01]
 [ 1.8395950e+00  1.5342581e-01 -9.6328342e-01 ...  9.0282309e-01
   1.7944316e+00 -1.4233887e-03]
 [ 7.8462940e-01 -2.0928884e-01 -2.1344072e-01 ...  3.3410394e-01
  -1.4233887e-03 -2.2653046e+00]]

Step 39
  Symbolic: MatMul(x483:Matrix(154, 2), x209:Matrix(2, 457)) -> t39
  Concrete: tf.linalg.matmul(x483, x209)
  Result shape: (154, 457)
  Result value:
[[-1.9184879   1.9512782   2.943127   ... -1.1469359  -0.24661347
   2.9250371 ]
 [ 0.5523162  -1.8547183  -1.3530909  ... -0.34999642 -0.969756
  -1.2888689 ]
 [ 0.82793796 -0.9338753  -1.3060344  ...  0.4466828   0.03254556
  -1.2940383 ]
 ...
 [ 2.8456013  -1.7758247  -3.927891   ...  2.2895598   1.2660428
  -3.9521067 ]
 [ 2.0084329   3.0428963  -1.0916678  ...  3.8761234   4.351813
  -1.3048524 ]
 [ 0.12462763  0.87148803  0.19931112 ...  0.59965444  0.81954604
   0.15492374]]

Step 40
  Symbolic: Add(x77:Matrix(376, 384), x77:Matrix(376, 384)) -> t40
  Concrete: tf.add(x77, x77)
  Result shape: (376, 384)
  Result value:
[[-2.6790254   0.33110127  1.6763811  ...  3.6127777  -3.7650511
   0.42130673]
 [ 1.5439346   2.2323232  -1.885423   ...  1.5316155   1.7185626
   0.27070445]
 [-2.44656     2.337527    1.1762166  ...  1.5171003  -2.103341
  -1.3201603 ]
 ...
 [ 2.731475   -2.1764975   2.8419526  ... -1.9012809   0.15768741
   2.7122622 ]
 [-0.61183023  1.6135113  -1.0670496  ... -0.3976244   2.640663
  -1.2393497 ]
 [-2.5667722   2.641027   -1.2853761  ...  1.568058   -3.8846028
  -2.7841344 ]]

Step 41
  Symbolic: Add(x267:Matrix(412, 412), x266:Matrix(412, 412)) -> t41
  Concrete: tf.add(x267, x266)
  Result shape: (412, 412)
  Result value:
[[-0.9583735  -0.37827277 -1.529362   ...  0.5075103   1.66219
   0.95335996]
 [-0.37827277  0.25044638  0.8227663  ... -1.0829468  -0.38352275
  -1.0962279 ]
 [-1.529362    0.8227663  -2.492103   ...  0.08644861 -0.32833755
   1.9376683 ]
 ...
 [ 0.5075103  -1.0829468   0.08644861 ... -0.1951083   0.21199399
   1.1868176 ]
 [ 1.66219    -0.38352275 -0.32833755 ...  0.21199399  0.25548244
   0.13826501]
 [ 0.95335996 -1.0962279   1.9376683  ...  1.1868176   0.13826501
  -0.41399616]]

Step 42
  Symbolic: MatMul(x284:Matrix(440, 440), x282:Matrix(440, 440)) -> t42
  Concrete: tf.linalg.matmul(x284, x282)
  Result shape: (440, 440)
  Result value:
[[-17.945827     6.2125263   17.531507   ... -17.51553      3.4178424
   10.238633  ]
 [ 20.130392    13.536029    -7.1887293  ...   2.577114   -18.919102
   14.1275    ]
 [-15.881709    -0.764585    -3.3091884  ...  10.290094     5.1907067
    7.4623227 ]
 ...
 [-19.348463    14.287851   -20.694115   ...   4.711333    -9.487163
    5.430456  ]
 [ 11.504765   -20.258686    -2.650223   ...   5.169332     1.0946229
    1.4006248 ]
 [ 16.945644   -13.816516    30.892693   ...   0.83290195   2.2605119
    7.1747637 ]]

Step 43
  Symbolic: Subtract(x35:Matrix(449, 508), x35:Matrix(449, 508)) -> t43
  Concrete: tf.subtract(x35, x35)
  Result shape: (449, 508)
  Result value:
[[0. 0. 0. ... 0. 0. 0.]
 [0. 0. 0. ... 0. 0. 0.]
 [0. 0. 0. ... 0. 0. 0.]
 ...
 [0. 0. 0. ... 0. 0. 0.]
 [0. 0. 0. ... 0. 0. 0.]
 [0. 0. 0. ... 0. 0. 0.]]

Step 44
  Symbolic: Add(t31:Matrix(215, 215), x13:Matrix(215, 215)) -> t44
  Concrete: tf.add(t31, x13)
  Result shape: (215, 215)
  Result value:
[[ 2.4533343  -0.34051955 -1.5799192  ...  1.908483   -0.43512678
  -1.5628902 ]
 [-0.34051955  0.04425077  1.0206931  ... -0.75249434 -0.6562953
   0.5946336 ]
 [-1.5799192   1.0206931  -3.753988   ...  1.4025624  -0.25405896
   0.53394383]
 ...
 [ 1.908483   -0.75249434  1.4025624  ...  2.5936618  -1.4302466
   2.2786295 ]
 [-0.43512678 -0.6562953  -0.25405896 ... -1.4302466  -0.352283
   0.49995154]
 [-1.5628902   0.5946336   0.53394383 ...  2.2786295   0.49995154
  -0.39386827]]

Step 45
  Symbolic: Subtract(x20:Matrix(457, 273), x21:Matrix(457, 273)) -> t45
  Concrete: tf.subtract(x20, x21)
  Result shape: (457, 273)
  Result value:
[[ 0.9253725   2.433144    1.7142787  ... -1.3064837  -1.5384054
  -0.27450132]
 [ 1.685081    0.06793416  2.3425856  ... -2.9644053  -0.19028878
   1.3919951 ]
 [-2.6359847  -0.79423773  1.9777853  ... -1.0652053  -1.0460443
  -1.0406445 ]
 ...
 [ 0.7278038   0.8438635  -0.77326643 ...  2.9408007  -0.73741746
  -2.4758732 ]
 [ 2.5342674   1.1260955  -2.973432   ... -0.11602646  3.1229749
   3.7975683 ]
 [ 0.6376085   0.6293873  -0.36418462 ...  0.32109708 -2.0957992
  -0.21868402]]

Step 46
  Symbolic: Subtract(t35:Matrix(303, 328), x387:Matrix(303, 328)) -> t46
  Concrete: tf.subtract(t35, x387)
  Result shape: (303, 328)
  Result value:
[[-1.6064996   2.039331    4.3456216  ... -3.133596   -0.12408686
  -1.720787  ]
