Framework: tf
Initial concrete seed values:
x0: shape=(65, 262)
[[ 0.92839295  1.6008147   0.99715585 ... -0.23116373 -0.78634363
  -0.4335291 ]
 [ 0.3405172   0.02280138 -1.1713824  ...  1.0284071  -0.01015049
  -0.16145201]
 [-0.51054025 -1.760259   -1.3224449  ...  1.1138437   0.19568148
   1.4206282 ]
 ...
 [-0.38560504  1.996511   -1.5717909  ...  1.7011693  -0.755437
   0.619635  ]
 [-1.1774485   0.6898206   0.959779   ...  1.1813581  -0.5868228
   0.97491884]
 [-0.94261754 -1.1461374   1.9724185  ...  1.9539489   0.39668497
   1.0680276 ]]

x1: shape=(65, 262)
[[ 0.85412836 -1.9158663   1.8980299  ...  0.10826433 -1.3109605
   1.5202137 ]
 [-1.7928144  -1.7516047  -1.9400734  ... -1.3341069   1.0203768
  -0.7120142 ]
 [ 1.5481166  -1.7793496   1.0980799  ... -1.0736754   0.5710235
   0.7483595 ]
 ...
 [ 0.73902494 -0.6078083   0.6133567  ...  1.5974358  -0.49213916
   0.9832483 ]
 [ 0.06191334 -1.6754856  -0.81400174 ... -1.4585259   1.5092958
  -0.98003834]
 [ 0.20792681  1.6351113   1.8116966  ...  1.977318    0.29590565
  -0.263324  ]]

x2: shape=(65, 262)
[[-0.64746565 -0.23954073 -0.37781653 ... -1.3335305   0.9497045
  -1.9207757 ]
 [-0.79161346  1.3013241   0.31644925 ...  0.02320156  0.3849989
   1.483465  ]
 [ 1.8115634   1.1310669   1.4068483  ...  1.2480332   0.66999483
  -1.1736746 ]
 ...
 [-1.7929369   1.0757174   1.2414172  ... -0.8486889   1.980151
   1.5974438 ]
 [ 0.09627512 -1.5793902  -0.81282157 ... -0.10713273 -0.32724896
  -0.569531  ]
 [-0.32731348 -0.74051684  1.156997   ...  0.20295642  0.8271644
  -0.4872999 ]]

x3: shape=(262, 1)
[[ 0.38230547]
 [-1.4291217 ]
 [ 1.3930978 ]
 [ 1.3267359 ]
 [ 0.85622764]
 [ 0.81045765]
 [ 1.4077282 ]
 [ 0.66793966]
 [ 0.8949007 ]
 [-1.9960958 ]
 [-1.7978984 ]
 [ 1.8915569 ]
 [-1.5036291 ]
 [-0.10687685]
 [ 1.9065032 ]
 [ 1.4675647 ]
 [ 1.8152004 ]
 [ 1.4485264 ]
 [ 0.59258956]
 [-1.2452406 ]
 [-1.5492274 ]
 [ 1.284784  ]
 [ 0.03615493]
 [ 0.362145  ]
 [ 1.0331215 ]
 [ 0.72736216]
 [ 0.80450547]
 [ 0.3476786 ]
 [-1.4988416 ]
 [-0.6939351 ]
 [-1.9661003 ]
 [ 0.9863611 ]
 [ 1.5133525 ]
 [ 1.0059634 ]
 [ 1.7856842 ]
 [ 1.2053365 ]
 [ 1.3291717 ]
 [ 1.1162156 ]
 [-0.5404731 ]
 [ 0.21277367]
 [ 1.8815353 ]
 [ 1.4318407 ]
 [-0.22321522]
 [ 1.5756342 ]
 [ 0.9085807 ]
 [-1.6366688 ]
 [ 1.9757591 ]
 [-0.81988984]
 [ 1.4796613 ]
 [-1.0115548 ]
 [-1.3098623 ]
 [ 1.0775182 ]
 [-0.9969179 ]
 [ 1.5889434 ]
 [-0.97242254]
 [-1.1508578 ]
 [ 0.34910068]
 [-0.56749934]
 [-0.41977045]
 [-1.4045001 ]
 [ 1.0531508 ]
 [-0.66308767]
 [ 0.21660982]
 [-1.1437058 ]
 [ 1.530042  ]
 [ 1.8963479 ]
 [ 0.8093661 ]
 [-0.13136122]
 [-0.43322563]
 [-1.8896487 ]
 [ 0.5881592 ]
 [-1.7915412 ]
 [-0.9481617 ]
 [ 0.58592814]
 [ 1.1076474 ]
 [-0.4710356 ]
 [ 0.6571819 ]
 [ 0.26786688]
 [ 0.02855366]
 [-0.83195186]
 [-1.4368742 ]
 [-0.6366289 ]
 [ 0.07162359]
 [ 0.72769433]
 [-0.32038772]
 [ 0.59351933]
 [ 1.3089337 ]
 [ 0.6870299 ]
 [-0.20270866]
 [ 1.3475361 ]
 [ 0.7650745 ]
 [ 0.6893488 ]
 [ 0.52302134]
 [ 1.5809783 ]
 [-1.9216888 ]
 [-1.838545  ]
 [-1.1172761 ]
 [-0.2566042 ]
 [-0.98683876]
 [ 1.8061904 ]
 [-0.14158125]
 [ 0.1524311 ]
 [ 1.2423226 ]
 [-0.93935674]
 [ 1.4152083 ]
 [-1.0571859 ]
 [ 0.4600055 ]
 [ 0.98261243]
 [-0.2224427 ]
 [ 0.34474817]
 [-1.7175846 ]
 [-1.4371659 ]
 [-1.6142077 ]
 [ 1.650833  ]
 [-0.59719163]
 [ 0.40390137]
 [-0.3664832 ]
 [-1.9895345 ]
 [ 0.12502065]
 [-1.3653715 ]
 [ 1.5115627 ]
 [ 0.15431082]
 [-0.650742  ]
 [-1.4346806 ]
 [-1.4733205 ]
 [ 0.24326748]
 [-1.4927685 ]
 [ 1.7972308 ]
 [-1.2256416 ]
 [ 1.8284787 ]
 [-1.5040858 ]
 [ 0.9787724 ]
 [-1.4277455 ]
 [ 1.4671975 ]
 [ 0.6662942 ]
 [-0.80091614]
 [ 1.2857587 ]
 [-1.911464  ]
 [-0.15608722]
 [-0.0339923 ]
 [ 1.1535177 ]
 [-0.98186785]
 [-1.8633851 ]
 [-1.736137  ]
 [ 1.1384374 ]
 [-1.7912397 ]
 [ 1.638154  ]
 [ 1.4657638 ]
 [ 1.5009687 ]
 [ 0.5905418 ]
 [-0.06972999]
 [-1.9643031 ]
 [ 1.5966034 ]
 [ 0.79671824]
 [ 0.43229678]
 [ 1.2643163 ]
 [ 0.29342005]
 [-0.8572987 ]
 [-0.90740716]
 [-0.748553  ]
 [-1.1879857 ]
 [ 1.148726  ]
 [ 0.68200344]
 [ 1.7118715 ]
 [ 0.6463135 ]
 [ 1.7119099 ]
 [-1.8677752 ]
 [-0.04080243]
 [-1.2565136 ]
 [-1.9469323 ]
 [ 1.7908261 ]
 [ 1.8359168 ]
 [ 1.1763824 ]
 [-1.5607483 ]
 [-1.2191128 ]
 [ 0.13770933]
 [ 0.84173036]
 [ 1.5505491 ]
 [-1.1831789 ]
 [ 0.6213513 ]
 [-0.23740582]
 [-0.04198168]
 [-1.5504103 ]
 [ 1.5834147 ]
 [ 1.8414774 ]
 [-0.834932  ]
 [-0.35581312]
 [ 1.5759355 ]
 [-0.8581881 ]
 [ 0.12402802]
 [ 1.3655009 ]
 [-0.05292647]
 [ 0.32659554]
 [ 1.8157314 ]
 [ 0.76776415]
 [ 1.5638623 ]
 [ 0.3691947 ]
 [ 0.83862484]
 [-0.40680173]
 [ 0.7951137 ]
 [ 1.2641133 ]
 [ 1.7052397 ]
 [-1.717822  ]
 [-0.9663754 ]
 [ 1.0483314 ]
 [-1.1171893 ]
 [-0.960436  ]
 [-1.4832491 ]
 [ 0.9167971 ]
 [ 0.35155126]
 [ 0.80410737]
 [ 1.2611303 ]
 [ 0.56204593]
 [ 0.08714323]
 [ 0.47608852]
 [ 1.0128318 ]
 [ 1.500601  ]
 [ 1.8643862 ]
 [-0.5404866 ]
 [-1.359299  ]
 [-1.9483906 ]
 [-0.41724077]
 [ 0.20736244]
 [-1.9051651 ]
 [-1.2552445 ]
 [ 1.9803234 ]
 [ 0.3832025 ]
 [-0.48847017]
 [ 1.9562954 ]
 [-0.11928463]
 [ 1.8491038 ]
 [-0.6185707 ]
 [ 1.9669425 ]
 [ 0.8523784 ]
 [-1.5590049 ]
 [ 0.29405665]
 [ 0.72574484]
 [ 0.9655479 ]
 [ 1.7534881 ]
 [-1.2017121 ]
 [-0.3956154 ]
 [-0.76002806]
 [ 0.00207086]
 [ 1.4841955 ]
 [ 1.1686198 ]
 [-0.7388071 ]
 [-1.8008165 ]
 [ 1.5295473 ]
 [ 0.28664044]
 [ 1.1512431 ]
 [-1.1098598 ]
 [ 1.1657981 ]
 [-1.3257037 ]
 [-1.2861267 ]
 [ 1.0689626 ]
 [ 0.92626435]
 [ 1.7679023 ]
 [-0.6377781 ]
 [-0.26504353]
 [ 0.21532619]
 [ 0.5891815 ]
 [-0.57398844]]

x4: shape=(4, 65)
[[ 0.8155715  -1.4371756  -0.25532886  0.09523915 -1.5857286   1.6945465
   0.33268276 -1.4996462   0.2648599   1.0025055  -0.47793156 -1.2259969
   1.5274882  -1.5301828  -0.39339074  1.5748581  -0.63254434 -0.2729807
   0.68314505 -0.01500024 -0.8210562   0.2664775  -1.2390038  -0.67034435
   1.218245    1.6184918  -1.7379575  -0.86034006  0.07739121 -1.945144
  -1.799883   -0.4588455   0.652533    0.4984331   0.37387154 -0.6265566
  -0.7375282  -0.41996592  0.33246872 -1.5553528   1.4830941  -0.06239156
  -0.39358276  0.26708835  0.30142635 -1.1534396   0.3763555   0.5488288
   1.8388172   1.063609    0.70402604  0.69752896 -0.26219982  1.8726017
   0.61089635  1.4981855  -1.9571953  -1.9278792   1.8971577   1.4010813
  -0.04588136  0.52936316 -0.88284177  1.6274177   1.9451303 ]
 [-1.3785155   1.5528158   0.16577989 -1.7172798  -1.4175575   1.5700767
  -0.91996306 -0.46885994  1.5434513  -0.80816936 -1.6168267   1.6412334
  -1.5225875   1.3778185  -0.5176261  -0.8826102  -0.3320585   1.0716748
  -0.15381396 -0.76820296  1.392616    0.8729563  -1.8600864  -1.9676067
   1.1908705   1.1040195  -0.4187259   1.1421746   0.02016636 -1.8356941
   1.6432487  -1.130151   -0.28706867  0.19074062  1.759415   -0.35230556
  -1.8723657   1.1980838  -0.40006486 -0.70514834  1.9182168   1.9722524
   0.4864895   0.9226393  -0.43431255  0.08370407 -1.7232312  -1.5091995
  -1.4823476  -1.2001241   0.6974357  -0.56529826  1.7755147  -1.4608691
   0.05641714 -1.7403256  -1.8520676  -1.2374005  -0.7075978  -1.525058
  -0.28142926  1.6252354   1.6126864   0.5906934   1.0819618 ]
 [-1.869761    0.11098105  1.1500376  -0.17803428 -1.7633071   0.17452879
   0.8496958  -0.37478632  0.2979296  -0.5573097  -0.5327172   0.5516104
  -0.41246328  0.596169    0.14363824  1.2836342  -1.4581063  -1.8028277
  -0.86926705 -1.3321774  -0.8726323  -1.8283663   0.2458143  -1.3389404
   0.87241    -0.45850897  1.0080037   0.22982328 -1.2422222   1.2877108
   1.095875    0.93514544  0.6380132   0.2828141   0.47174588 -0.33605105
   1.0059836  -0.60980386 -1.9585334  -0.39209673 -0.99124324 -0.10762759
  -0.4570608   1.3041383  -0.5202668   0.73820966 -0.28949365 -1.2273976
  -0.5219023  -0.4037518   0.29459527  1.4525892   0.5073981   1.7275192
   0.363115    0.7155772   1.1583598   0.6191059   1.5781415  -1.7753974
  -0.2430582  -1.4333391   1.8220161  -1.623176    1.2423239 ]
 [-0.5203419  -1.773494   -1.1979358   1.4760618  -0.8837059  -0.8824727
   0.38839707 -0.4700558   0.43297294  0.08567612  0.9214729  -0.84605366
  -0.34489438  1.5252779  -0.44491276 -0.02718464  1.5071573  -0.88535005
   0.36820367 -0.32716706  1.027018    1.8075507  -1.507429   -0.9143566
  -0.73194844 -1.5667833   1.3478606  -1.0076424   0.7867991   0.19651943
  -0.9001339  -0.07089017  0.23464876 -1.5325015  -1.9645555  -1.1832055
  -0.3882687   1.2818239   0.8368577   0.5746703  -0.77865094 -0.70929724
   1.673269    0.37141564 -1.8178568   1.0951753   0.9977707   0.25037777
   0.9172944  -1.8401636  -0.72180086 -0.43772003 -0.42840752  1.2635338
   1.4345512  -1.3040987  -1.0697783   1.9348294   0.73367655 -0.99201256
  -1.4887385   1.1133313  -1.4479194  -1.6516424   1.8960284 ]]

x5: shape=(484, 484)
[[ 0.5209227  -0.7001391  -0.9162055  ... -0.05085337 -0.3391844
   0.39463395]
 [-0.7001391   1.5876259  -0.30080265 ...  1.8615445  -0.01493753
  -0.40966296]
 [-0.9162055  -0.30080265  1.9264845  ... -0.27365696 -0.7376791
  -0.99349844]
 ...
 [-0.05085337  1.8615445  -0.27365696 ... -0.30049115  0.7572795
  -0.8576119 ]
 [-0.3391844  -0.01493753 -0.7376791  ...  0.7572795  -1.9419605
  -0.2952417 ]
 [ 0.39463395 -0.40966296 -0.99349844 ... -0.8576119  -0.2952417
   0.5994322 ]]

x6: shape=(484, 484)
[[ 0.32235956  0.16051579 -0.02394447 ... -0.31309736  0.6690119
  -0.15813778]
 [ 0.16051579 -1.1073226  -0.2767416  ... -0.02297209 -1.4097366
   0.99800384]
 [-0.02394447 -0.2767416  -0.28810498 ...  0.2830848  -1.0903945
  -0.25691485]
 ...
 [-0.31309736 -0.02297209  0.2830848  ...  1.7989559  -0.75508046
  -1.501436  ]
 [ 0.6690119  -1.4097366  -1.0903945  ... -0.75508046 -1.8080211
  -0.2326355 ]
 [-0.15813778  0.99800384 -0.25691485 ... -1.501436   -0.2326355
  -1.7243328 ]]

x7: shape=(484, 484)
[[-1.5202898  -0.5182589   0.9819102  ...  1.0047594   0.216201
   0.40463147]
 [-0.5182589  -1.6038446  -0.0569587  ... -1.213784    0.20408589
  -0.07033604]
 [ 0.9819102  -0.0569587  -0.9088823  ... -0.7057463  -0.12484157
  -0.55453163]
 ...
 [ 1.0047594  -1.213784   -0.7057463  ... -1.9867939  -0.96709204
   0.47875294]
 [ 0.216201    0.20408589 -0.12484157 ... -0.96709204  1.4709957
  -0.24839652]
 [ 0.40463147 -0.07033604 -0.55453163 ...  0.47875294 -0.24839652
   1.5097775 ]]

x8: shape=(484, 484)
[[ 0.9271407   0.53774905 -0.32619548 ... -0.12253833  1.2489352
   0.70705664]
 [ 0.53774905 -1.3033016  -0.48109534 ...  0.9372788  -0.5020537
   0.42306054]
 [-0.32619548 -0.48109534  1.9935894  ...  0.40695408  0.61293906
   1.2486649 ]
 ...
 [-0.12253833  0.9372788   0.40695408 ... -1.967422    1.7937301
   0.40218157]
 [ 1.2489352  -0.5020537   0.61293906 ...  1.7937301  -0.07977902
  -0.9269655 ]
 [ 0.70705664  0.42306054  1.2486649  ...  0.40218157 -0.9269655
   0.6883954 ]]

x9: shape=(484, 484)
[[ 1.6336298   0.19925195 -0.5054915  ...  0.30550846  0.8229428
   0.09099877]
 [ 0.19925195  0.66361535  1.5038743  ... -1.7084268   1.37147
  -1.6368313 ]
 [-0.5054915   1.5038743   0.8498884  ... -0.7682779  -0.03705037
   0.42923188]
 ...
 [ 0.30550846 -1.7084268  -0.7682779  ...  1.5374299   0.7950945
  -1.3958178 ]
 [ 0.8229428   1.37147    -0.03705037 ...  0.7950945  -0.7075373
   1.05048   ]
 [ 0.09099877 -1.6368313   0.42923188 ... -1.3958178   1.05048
  -1.4406108 ]]

x10: shape=(215, 215)
[[-1.5635993  -1.2767297   1.6017495  ... -0.6679918  -0.10801771
   0.3896751 ]
 [-1.2767297  -0.7294789   0.91774    ...  0.76138544 -0.76282406
  -1.755059  ]
 [ 1.6017495   0.91774     1.7563052  ...  0.5523745   0.80244833
  -0.00247303]
 ...
 [-0.6679918   0.76138544  0.5523745  ... -1.526775   -1.01129
   0.28854212]
 [-0.10801771 -0.76282406  0.80244833 ... -1.01129     0.45084628
  -0.23406038]
 [ 0.3896751  -1.755059   -0.00247303 ...  0.28854212 -0.23406038
  -1.885701  ]]

x11: shape=(215, 215)
[[-0.8128484  -0.71224964 -0.10852039 ... -1.0606465  -0.54520327
   1.7095923 ]
 [-0.71224964  0.3455876   0.29825324 ...  0.60952806 -1.3552004
   0.39116108]
 [-0.10852039  0.29825324  1.3404796  ... -0.57467467  1.0527457
  -1.2797391 ]
 ...
 [-1.0606465   0.60952806 -0.57467467 ...  1.9385113   0.1520958
   0.3026665 ]
 [-0.54520327 -1.3552004   1.0527457  ...  0.1520958   1.5135027
  -0.61795676]
 [ 1.7095923   0.39116108 -1.2797391  ...  0.3026665  -0.61795676
  -1.831608  ]]

x12: shape=(215, 215)
[[-1.1505047   0.2832573  -0.14993197 ... -0.7870516  -0.1637896
  -0.56563616]
 [ 0.2832573   0.12214974 -0.41133755 ... -0.09841677 -1.1827078
  -0.9278989 ]
 [-0.14993197 -0.41133755  1.9265044  ...  0.9317106   0.3442425
  -1.2804987 ]
 ...
 [-0.7870516  -0.09841677  0.9317106  ...  0.9358045  -1.8388568
   0.7564244 ]
 [-0.1637896  -1.1827078   0.3442425  ... -1.8388568   1.5487117
   0.08266401]
 [-0.56563616 -0.9278989  -1.2804987  ...  0.7564244   0.08266401
  -0.7964522 ]]

x13: shape=(215, 215)
[[ 1.5456901   0.51747644 -0.92865324 ... -0.04814714  0.33646756
  -0.3549262 ]
 [ 0.51747644 -0.2064813  -0.63018394 ... -0.23464388  0.7814584
   0.34723997]
 [-0.92865324 -0.63018394 -0.8937827  ... -0.68699527  0.1845814
  -0.49848288]
 ...
 [-0.04814714 -0.23464388 -0.68699527 ...  1.5235728  -0.97890306
   1.3464043 ]
 [ 0.33646756  0.7814584   0.1845814  ... -0.97890306 -0.22067715
  -0.44901156]
 [-0.3549262   0.34723997 -0.49848288 ...  1.3464043  -0.44901156
   0.5515292 ]]

x14: shape=(215, 215)
[[ 1.7672143   0.10381943 -0.99211043 ...  0.9660269  -0.10722321
  -0.76219   ]
 [ 0.10381943 -1.6417764   1.8222835  ... -0.10289824 -1.0324206
  -0.3658704 ]
 [-0.99211043  1.8222835  -1.4706748  ...  0.3781504  -0.0826847
  -0.8800036 ]
 ...
 [ 0.9660269  -0.10289824  0.3781504  ...  1.5584073  -1.1390398
   1.0070443 ]
 [-0.10722321 -1.0324206  -0.0826847  ... -1.1390398  -1.1666508
  -0.1521737 ]
 [-0.76219    -0.3658704  -0.8800036  ...  1.0070443  -0.1521737
   0.20646156]]

x15: shape=(500, 30)
[[-0.27426472  1.4859957   1.3379928  ... -0.36861238 -1.3457751
  -0.16040795]
 [-1.4867085  -1.8313895   1.8098966  ...  0.21285738  1.8532479
  -1.3256689 ]
 [-0.29235035 -1.2727151  -1.556885   ...  1.1262091  -1.4120854
  -1.2747123 ]
 ...
 [-1.7936779  -0.01027573  1.8730707  ...  0.40838593 -1.5007452
   1.1779398 ]
 [-0.2080477  -0.8320654  -0.9126139  ...  1.1147866  -0.62270874
   0.656836  ]
 [-0.85800976  1.2568036  -0.3407716  ...  1.6674037  -0.40131855
  -0.36421597]]

x16: shape=(500, 30)
[[-0.3020646  -1.4936997  -0.59025735 ... -0.58782494 -1.8020216
  -0.5046886 ]
 [-0.84047717  0.7761418   1.9709641  ... -1.4739088  -0.42830426
   0.7698838 ]
 [-0.6148254   1.2775745  -1.5469129  ...  1.714035   -0.1103008
  -1.2598281 ]
 ...
 [ 0.05327911  0.47545058 -1.8400364  ...  0.34121317 -0.6083014
  -0.04378574]
 [ 1.6956397  -0.45537198 -1.8535463  ...  0.5850113   0.0202992
   0.554503  ]
 [-0.53533757 -1.6644142  -1.4887499  ... -0.16463818  1.9482902
  -0.66234004]]

x17: shape=(500, 30)
[[-0.05297155  0.78575146 -0.90107584 ...  1.0787578   1.7161069
   1.3651497 ]
 [ 1.4285823   0.68481666  0.98346996 ... -1.0617601   0.5849882
  -0.85285676]
 [ 1.158344    1.3773236  -0.11369205 ...  0.35065332 -1.1609676
  -1.837015  ]
 ...
 [-0.14490333 -1.5076045   0.24853902 ...  0.23695713  1.9987258
   0.09611575]
 [-0.50621045  1.7833917   0.643937   ...  1.9161024   0.2850675
  -1.6256582 ]
 [-1.7632825  -1.1212336  -0.6655101  ... -0.5253284   0.36427057
   1.295098  ]]

x18: shape=(30, 4)
[[-1.7832991  -1.121619    0.76412165 -1.7372854 ]
 [-1.4468504  -1.0855854  -0.94655484 -0.29669458]
 [ 1.4956752  -1.1444566   1.9389694   0.9958308 ]
 [-0.5700111   1.651831   -1.1748375  -1.7145292 ]
 [ 1.5470215  -1.4609691   0.31484237 -0.31543195]
 [ 0.42200083 -1.053537    1.2923433  -1.3757627 ]
 [-0.9539713   1.2129102   1.6852429   1.978265  ]
 [ 0.18518315 -1.1315427   0.2258717   0.55893135]
 [-0.2988362  -1.0387903  -0.46407673 -0.73440933]
 [ 1.5287486   1.2975556   1.4834754   1.198353  ]
 [-0.12752669 -1.3468893   1.9070716   0.3016585 ]
 [ 1.5920495   1.1876997   1.7158669   0.75166285]
 [ 1.3475642   1.9997821   1.5790405  -1.221168  ]
 [ 1.5791847  -1.1074278  -0.5770571  -0.15547435]
 [-1.4151835   1.9791727  -1.145343    1.6103252 ]
 [ 1.5934179  -0.958747   -1.241782   -0.69170225]
 [ 0.259275    0.9617891   1.456353   -1.9730777 ]
 [-0.8141573  -0.58223796  1.841428   -1.9818363 ]
 [ 1.2619264  -1.3026184   0.3517695  -1.8933382 ]
 [-1.9913194   1.6711797  -0.9949625  -1.4373126 ]
 [-1.5064721   0.4596306   0.6206012  -0.824808  ]
 [ 0.55562943  1.8625424  -1.2528111  -1.2330719 ]
 [ 1.7234367  -0.55667764 -0.90536356  1.2791009 ]
 [-0.82545274  0.09087411  0.44831827 -0.25254983]
 [-1.8075353  -1.160272    0.10717793  1.6159831 ]
 [-1.6458862   1.3433723   0.975394   -0.5456828 ]
 [-0.45838967 -0.07272464 -1.5709413  -0.23371755]
 [ 1.4440198  -1.2110783   0.5726705  -1.3160223 ]
 [ 0.03063411 -1.2163277   0.1400669   1.3569788 ]
 [ 0.6274067   1.6093597  -0.7780066  -1.4681718 ]]

x19: shape=(4, 500)
[[-0.5774989  -0.18938883  1.4937414  ...  1.5811028  -1.7788936
  -0.7039454 ]
 [-1.1507392  -1.2654499   0.5543567  ... -1.7651153  -0.9817023
  -1.9536185 ]
 [ 1.2364225  -1.942788   -1.3530182  ... -1.2713618  -0.9711806
  -0.7382669 ]
 [ 1.6314359  -1.3556714  -0.768031   ...  1.2306436   0.95373875
  -1.7261145 ]]

x20: shape=(457, 273)
[[ 0.8965755   1.8247795   1.0484974  ... -0.98203933 -0.52623826
  -0.5047346 ]
 [ 1.420956    1.3937496   0.44119757 ... -1.0252765  -1.3967701
  -0.53121746]
 [-1.1288614   0.59918535  1.0500035  ...  0.5106232  -0.6371803
   0.44951412]
 ...
 [ 1.9896743  -0.69558     0.36556682 ...  1.7123653   0.5926448
  -0.8086725 ]
 [ 0.9308989   1.2576439  -1.7374392  ...  0.999669    1.605155
   1.8678455 ]
 [ 1.0299062   0.1334429  -0.9205492  ...  0.9462939  -0.44643208
  -0.9961868 ]]

x21: shape=(457, 273)
[[-0.028797   -0.6083646  -0.6657812  ...  0.3244444   1.0121671
  -0.23023327]
 [-0.26412493  1.3258154  -1.901388   ...  1.9391288  -1.2064813
  -1.9232125 ]
 [ 1.5071232   1.3934231  -0.9277818  ...  1.5758286   0.40886408
   1.4901587 ]
 ...
 [ 1.2618705  -1.5394435   1.1388333  ... -1.2284354   1.3300623
   1.6672008 ]
 [-1.6033685   0.13154845  1.2359928  ...  1.1156955  -1.5178199
  -1.9297228 ]
 [ 0.39229763 -0.4959444  -0.5563646  ...  0.6251968   1.6493671
  -0.7775028 ]]

x22: shape=(457, 273)
[[ 0.8320331   1.0033678   0.42146152 ... -1.6307037  -0.42630333
   1.3624419 ]
 [-1.9052197  -1.0109273   0.67151874 ... -0.24547228  0.6651602
   1.9101166 ]
 [-1.8298619  -0.03615486  0.8446507  ...  1.8378114  -0.5333824
   1.167521  ]
 ...
 [ 1.3904347   0.05704235  1.4253589  ...  1.032939   -1.183349
   1.4574106 ]
 [-1.1354642   0.03782069 -0.02948349 ...  0.75885856 -0.27381167
  -1.6314178 ]
 [-0.13232501  0.05644395  0.00327375 ...  0.15659386 -0.6969363
   0.98695606]]

x23: shape=(273, 2)
[[-7.51697004e-01  7.98556328e-01]
 [-1.76405931e+00  1.12898827e+00]
 [-1.37899649e+00  1.98646736e+00]
 [-1.77971983e+00  1.65618908e+00]
 [ 1.54655039e+00 -6.15579605e-01]
 [-1.78343475e+00  1.05071461e+00]
 [-9.18388605e-01  1.57919586e+00]
 [-8.07578981e-01 -1.35859084e+00]
 [ 4.79631305e-01 -3.31051260e-01]
 [-1.70710409e+00  1.84420645e+00]
 [ 1.67765975e+00  1.15897112e-01]
 [-1.52909422e+00  8.37093413e-01]
 [ 1.86038864e+00 -1.17913544e+00]
 [-1.88549447e+00  7.76058316e-01]
 [-8.30426097e-01  8.02073061e-01]
 [ 1.24623621e+00 -1.38906527e+00]
 [ 1.87411249e+00  1.21209741e+00]
 [ 9.01939511e-01  3.77020508e-01]
 [-6.14559233e-01  1.58570933e+00]
 [ 1.50976229e+00 -1.04748011e+00]
 [ 1.81764913e+00 -6.42018318e-01]
 [-7.60375440e-01  1.52380371e+00]
 [-5.86395800e-01  1.00967944e+00]
 [-9.88745391e-01 -4.95632380e-01]
 [ 1.77192533e+00 -5.12150645e-01]
 [-1.52368701e+00  2.19336301e-01]
 [-3.73635441e-01  1.59503472e+00]
 [-1.44594097e+00 -3.84588271e-01]
 [-1.30295300e+00  1.53285849e+00]
 [ 7.03464448e-02 -7.36850619e-01]
 [-7.07135797e-01  1.47789848e+00]
 [ 1.37717736e+00  1.30463171e+00]
 [-7.85579324e-01 -1.30081153e+00]
 [-1.68742740e+00 -5.57497561e-01]
 [-3.81095484e-02 -4.95316297e-01]
 [ 1.12582421e+00  1.47852063e+00]
 [ 6.23582006e-01  1.61904490e+00]
 [ 3.26394051e-01  8.72770965e-01]
 [-4.09942597e-01 -1.03078318e+00]
 [-1.65895605e+00  1.43037534e+00]
 [ 1.66112173e+00 -8.59206140e-01]
 [-5.94485700e-01 -1.60606980e+00]
 [-3.33221346e-01  1.20252717e+00]
 [ 2.45690987e-01 -3.44667614e-01]
 [ 8.79649669e-02  1.06500018e+00]
 [-6.79628134e-01 -7.09557235e-01]
 [-4.90365028e-01  4.14698213e-01]
 [-4.55346495e-01 -1.02196276e+00]
 [ 1.39668822e+00  5.60127914e-01]
 [ 1.54576516e+00 -1.99943572e-01]
 [-1.00645828e+00  6.62212908e-01]
 [-1.14659238e+00 -1.92939365e+00]
 [ 4.88977313e-01  2.31344774e-01]
 [-1.72415924e+00  1.12082325e-01]
 [-5.22257924e-01  8.28181028e-01]
 [-3.15987587e-01  1.37205029e+00]
 [ 1.98503673e-01 -1.13358653e+00]
 [ 4.11210284e-02  1.49711204e+00]
 [ 5.30848093e-03 -1.82974327e+00]
 [-8.61585081e-01 -7.66393393e-02]
 [-1.77361774e+00  1.24689341e+00]
 [-1.22971404e+00  1.45563495e+00]
 [-1.83612096e+00  1.89010656e+00]
 [ 1.41998732e+00 -1.59003615e+00]
 [ 1.09899807e+00  9.71194685e-01]
 [-1.25475132e+00 -1.58903325e+00]
 [ 5.81487954e-01  6.14221811e-01]
 [ 7.70030260e-01  1.22632360e+00]
 [-4.25597966e-01  8.14712465e-01]
 [-2.28594691e-01  2.28244960e-02]
 [ 1.74661744e+00  1.88134146e+00]
 [-1.31333172e+00  1.31042480e+00]
 [-1.61797389e-01  1.37097228e+00]
 [-1.88905668e+00 -1.40584588e+00]
 [ 6.95118248e-01 -5.10064363e-01]
 [ 1.28252411e+00 -4.66027439e-01]
 [-1.39020360e+00  1.93764734e+00]
 [-1.47142446e+00  1.39867235e-02]
 [ 1.04954135e+00  5.74034929e-01]
 [ 5.18225670e-01  1.25761315e-01]
 [-1.63292277e+00 -1.40220726e+00]
 [ 1.51688445e+00 -5.68360567e-01]
 [ 1.79852009e+00 -2.90413620e-03]
 [-1.39081001e+00  1.97672360e-02]
 [ 2.14499936e-01 -1.86986625e+00]
 [-5.12120783e-01  7.91635215e-01]
 [ 4.88634080e-01  9.72578466e-01]
 [-2.33381748e-01  1.58583757e-03]
 [ 4.18489039e-01  1.42956734e+00]
 [ 1.75248671e+00  2.94529080e-01]
 [-9.04604435e-01 -2.93668192e-02]
 [-6.10224791e-02  2.70582050e-01]
 [-6.02810204e-01 -1.95615113e+00]
 [ 1.54015982e+00  1.37550712e+00]
 [ 5.76166034e-01  1.75096643e+00]
 [-1.21098757e+00  2.62530297e-01]
 [-1.40857232e+00 -1.12594211e+00]
 [ 1.96524248e-01 -1.08104134e+00]
 [ 8.63619223e-02 -1.97460794e+00]
 [ 2.79103398e-01  1.87543583e+00]
 [-1.44480705e+00 -9.94304001e-01]
 [ 1.86909783e+00 -1.63132739e+00]
 [-1.54273069e+00  8.71100664e-01]
 [ 1.56950223e+00 -1.11682951e+00]
 [-8.29870105e-02 -1.90685675e-01]
 [ 1.49629319e+00 -5.30251920e-01]
 [ 1.15370715e+00  4.65331614e-01]
 [ 1.10465920e+00 -9.74229038e-01]
 [ 1.30755985e+00 -1.24002457e+00]
 [ 1.51457405e+00  1.50493562e+00]
 [ 1.25433815e+00  1.28747809e+00]
 [ 9.68077064e-01  1.33129025e+00]
 [ 2.65822649e-01  5.35538554e-01]
 [ 6.96442962e-01 -1.22751646e-01]
 [-8.34739268e-01 -1.19327271e+00]
 [ 1.73307478e+00  8.65652263e-01]
 [ 6.13871217e-01 -7.28362322e-01]
 [-3.99060518e-01 -1.86622107e+00]
 [ 3.62519890e-01  1.85590458e+00]
 [-2.94932693e-01 -1.13606679e+00]
 [ 1.33915484e+00  6.80269718e-01]
 [ 1.08219051e+00 -7.43345797e-01]
 [ 1.95801914e+00  1.14086604e+00]
 [ 1.74639153e+00 -8.46690178e-01]
 [ 1.77162185e-01 -1.75424373e+00]
 [-9.78382170e-01 -1.99456477e+00]
 [-1.33502483e+00  8.00169349e-01]
 [ 3.76073793e-02  1.30424726e+00]
 [-1.10998988e+00  1.03418398e+00]
 [-1.04535484e+00 -1.99129140e+00]
 [ 7.90386140e-01  5.59954345e-01]
 [ 9.92716014e-01 -1.46551013e+00]
 [ 1.76074815e+00  4.63580072e-01]
 [-1.02554333e+00  5.51887393e-01]
 [-8.96575928e-01 -1.07945168e+00]
 [ 8.89518321e-01 -4.27752823e-01]
 [ 1.50346184e+00 -1.08329594e+00]
 [-3.74392599e-01  1.65550157e-01]
 [-4.54884082e-01  2.35822961e-01]
 [-1.18033767e+00  6.09629273e-01]
 [ 4.61218178e-01 -1.42663515e+00]
 [-7.94258058e-01  1.50149930e+00]
 [-1.56194401e+00  4.27914858e-01]
 [ 1.62736201e+00 -8.49886000e-01]
 [-2.12903321e-01  5.31595886e-01]
 [-4.92898107e-01 -1.84998560e+00]
 [-8.37693155e-01  1.65065670e+00]
 [-1.36534715e+00 -6.13272548e-01]
 [ 1.48896003e+00  9.73028600e-01]
 [-8.22413445e-01 -1.64782381e+00]
 [-6.12116158e-01  5.20730138e-01]
 [ 1.53239763e+00 -8.35126877e-01]
 [-1.84387672e+00 -1.13662994e+00]
 [ 1.74951565e+00  2.35581920e-01]
 [-1.53226542e+00 -5.28281510e-01]
 [-7.08802044e-01 -1.33520591e+00]
 [-5.94314873e-01  8.63893926e-01]
 [ 1.06723130e+00  9.55847263e-01]
 [-5.30407786e-01  9.43048060e-01]
 [-1.61200151e-01 -1.63128272e-01]
 [ 7.26271152e-01 -7.81813800e-01]
 [-1.16257632e+00 -1.75819123e+00]
 [-1.67366636e+00 -1.33033741e+00]
 [ 9.10181463e-01  2.94968814e-01]
 [ 1.68670189e+00  3.93305942e-02]
 [ 5.72491288e-01 -2.98250645e-01]
 [-1.97202003e+00  1.25822395e-01]
 [-7.98277184e-02 -1.79509059e-01]
 [-6.98552907e-01  1.70653546e+00]
 [-6.98033094e-01 -1.38491023e+00]
 [-1.19942188e+00  1.52933244e-02]
 [ 1.43125618e+00  1.75605658e-02]
 [-1.07853270e+00 -8.00714195e-01]
 [ 9.16294694e-01  8.61130178e-01]
 [ 1.92985952e+00 -1.43884373e+00]
 [-1.13328576e-01 -3.71762305e-01]
 [ 1.19450057e+00  1.73132503e+00]
 [-1.30042589e+00 -1.65045881e+00]
 [-1.41932741e-02  1.39298356e+00]
 [-1.18518281e+00 -1.63474822e+00]
 [ 1.47143626e+00 -1.83179593e+00]
 [-7.40259230e-01 -9.89634097e-01]
 [-8.08307767e-01  8.93584251e-01]
 [-8.88491690e-01 -8.23829472e-01]
 [-1.41386366e+00 -1.08274102e+00]
 [ 1.19407848e-02 -1.68231118e+00]
 [ 8.73534679e-01  1.85867786e+00]
 [-2.38478541e-01 -6.86377764e-01]
 [-1.36768687e+00  1.09990203e+00]
 [-1.70814216e+00  1.50086939e+00]
 [-2.90154129e-01 -1.95412433e+00]
 [-4.30205733e-01  1.38115633e+00]
 [-1.26748514e+00  4.70648378e-01]
 [-1.40496790e+00 -7.12662339e-01]
 [ 1.51877260e+00 -1.48223853e+00]
 [-1.55948186e+00 -6.40105754e-02]
 [ 1.27762341e+00  2.05629781e-01]
 [ 5.72164595e-01  9.26934183e-01]
 [-1.71866488e+00  4.08521533e-01]
 [-1.82803130e+00 -8.61211896e-01]
 [ 1.70900792e-01 -1.87924707e+00]
 [ 1.93909946e-05 -1.68786705e+00]
 [ 1.06487226e+00 -1.90441239e+00]
 [ 1.36827791e+00 -1.66248691e+00]
 [ 4.71362054e-01 -1.52830923e+00]
 [-8.92819941e-01 -1.61030102e+00]
 [-1.19465137e+00 -1.65485585e+00]
 [-1.03398108e+00 -2.06817299e-01]
 [-2.03182325e-01  1.64675450e+00]
 [-1.21815491e+00  6.69770718e-01]
 [-1.84143901e+00 -2.61824459e-01]
 [ 2.88605690e-01  1.89059210e+00]
 [ 1.57255158e-01 -1.38945913e+00]
 [-6.26397669e-01 -3.12966168e-01]
 [-1.64200449e+00 -9.09475803e-01]
 [-8.95258427e-01 -7.17526197e-01]
 [-1.72788060e+00  6.57958388e-01]
 [ 8.26383650e-01 -1.66001511e+00]
 [ 1.23887682e+00  1.64402676e+00]
 [ 1.77457774e+00 -1.26091111e+00]
 [-4.75754470e-01 -1.58202624e+00]
 [-1.35723245e+00 -1.68196321e+00]
 [-1.19347310e+00  1.71503627e+00]
 [-3.98929566e-01  1.48832425e-01]
 [ 2.54572660e-01  2.46890597e-02]
 [ 7.55213499e-01  1.56289387e+00]
 [ 4.16281730e-01  1.24283397e+00]
 [ 1.41223565e-01  1.51377106e+00]
 [ 1.30496669e+00  1.00772524e+00]
 [-1.97775805e+00  1.81096601e+00]
 [-1.38825703e+00 -1.42613947e-01]
 [ 9.48991239e-01  1.30638599e+00]
 [ 1.48792788e-01 -3.39831203e-01]
 [-4.88656223e-01  7.89489746e-01]
 [ 1.20951426e+00 -1.56639826e+00]
 [ 1.95067990e+00 -3.53798062e-01]
 [-4.81453627e-01 -1.16434717e+00]
 [-1.64924920e+00  2.60638177e-01]
 [-6.64834201e-01  1.51005769e+00]
 [-8.86419773e-01  8.28811944e-01]
 [ 1.46175933e+00  2.65760869e-01]
 [ 3.71299982e-01  1.37644470e+00]
 [-7.11271226e-01 -1.30236971e+00]
 [ 1.09970653e+00  1.75575805e+00]
 [-2.98330009e-01  2.94180363e-01]
 [-1.96960521e+00  9.35591459e-01]
 [ 8.31125498e-01 -5.94986856e-01]
 [-5.92279322e-02 -2.37508081e-02]
 [ 4.39050704e-01  4.90845829e-01]
 [ 8.63172710e-01  1.91609859e-01]
 [ 1.06065321e+00 -3.88891220e-01]
 [-1.44944215e+00 -3.27612385e-02]
 [ 1.79333520e+00  1.69485843e+00]
 [-1.89673603e+00 -1.11517429e+00]
 [ 6.51214719e-01  1.30112028e+00]
 [-1.35140145e+00  1.10708974e-01]
 [ 3.47297579e-01  9.46876287e-01]
 [ 1.40741313e+00 -1.11460769e+00]
 [-6.52615666e-01  7.01591551e-01]
 [-7.81246543e-01 -2.89187223e-01]
 [-4.83368278e-01 -1.53209841e+00]
 [-1.36475170e+00 -9.66959774e-01]
 [ 1.42267692e+00 -1.94787157e+00]
 [-1.04631746e+00 -8.09965193e-01]
 [-7.71468401e-01 -2.36588731e-01]
 [-1.66439402e+00 -1.16836607e+00]
 [-1.33381808e+00  1.44278497e-01]
 [ 8.08798894e-02 -1.11830123e-01]
 [ 1.35250807e+00 -5.88606372e-02]
 [ 1.44493318e+00  8.82093385e-02]
 [-1.59470165e+00  5.18670142e-01]
 [ 1.61037445e+00  1.03238595e+00]
 [ 6.68169975e-01  7.30576038e-01]]

x24: shape=(5, 457)
[[-1.6275145  -0.36321035  0.5546675  ...  0.15111043 -0.22081052
  -1.3838637 ]
 [-0.40550467 -0.67704004 -1.5520445  ... -0.92824113  1.4075396
   1.1913168 ]
 [ 0.63020957 -1.6117325   0.45390347 ...  1.4960487   0.6637468
  -1.8504673 ]
 [ 0.5565979  -0.32056388 -1.1841129  ... -0.80188715 -0.9559444
  -0.48457983]
 [ 0.438082   -1.8736665  -1.8808854  ...  1.0784984  -1.4818718
  -0.57252   ]]

x25: shape=(326, 32)
[[ 0.6752164   1.8818276  -0.31119174 ...  0.6298956   0.9770978
  -0.12763219]
 [ 1.6430568   1.3711084  -1.29273    ... -0.13077483 -1.8558991
  -0.27909106]
 [ 1.5709159  -0.25391218 -0.75971645 ...  0.59444624 -1.8587145
  -0.3329018 ]
 ...
 [ 0.36173096  1.5569861   0.9553221  ...  1.1152153   1.0903511
   1.7177714 ]
 [-0.06445213  0.4473766  -0.3703012  ...  1.06024     1.4620982
  -0.5560017 ]
 [-0.8573002   0.90578544 -1.2338216  ... -0.62728643 -1.2552973
  -0.6837496 ]]

x26: shape=(326, 32)
[[-0.91364294 -0.14654782  1.3177389  ...  0.33704954 -1.6903543
  -0.36349714]
 [-0.85106444  1.401817   -1.987577   ...  0.47998437 -1.6025219
   0.08398355]
 [ 1.258419    1.8285623  -0.3512391  ...  1.804792   -1.3774661
  -0.6343499 ]
 ...
 [-1.0067873   1.9254289   0.47263852 ... -0.82843065  1.162375
   0.29773188]
 [-0.78394127 -0.6666203  -0.34387565 ...  1.9136795   0.76741165
   1.6914924 ]
 [-0.18268155 -1.8294209  -0.67801493 ... -1.7371663   0.03679769
  -1.1387957 ]]

x27: shape=(326, 32)
[[-1.1080946   1.2099506  -1.6197997  ... -0.37219477  0.12874888
   1.2769636 ]
 [-0.70752674 -1.7967564  -1.9579872  ...  0.05675472 -0.9572581
  -1.2707013 ]
 [-1.1215553   1.4356713  -0.25106955 ...  1.6647862   0.9656035
  -1.0933826 ]
 ...
 [-0.0124036  -0.10847892 -0.07082481 ... -0.2748802   0.4395897
   1.7558273 ]
 [ 1.8973813   0.7971904   0.15892048 ... -1.1976876   0.91263264
  -1.001559  ]
 [-1.421859    0.3548991  -0.10974353 ... -1.8273358   0.8270605
   1.4365796 ]]

x28: shape=(32, 1)
[[ 1.6611532 ]
 [ 0.749421  ]
 [-0.30430412]
 [ 1.2442392 ]
 [ 0.22006452]
 [-1.4431813 ]
 [ 0.9839469 ]
 [ 0.74565125]
 [ 0.88715404]
 [ 0.4126523 ]
 [ 0.91320467]
 [-1.615456  ]
 [-1.134573  ]
 [-1.4703383 ]
 [-1.1033233 ]
 [-0.4134874 ]
 [ 0.0980896 ]
 [-1.3578165 ]
 [ 1.2891744 ]
 [-0.7674623 ]
 [ 1.8090612 ]
 [-0.8486168 ]
 [-0.27889815]
 [-1.671046  ]
 [ 1.402372  ]
 [ 0.13944972]
 [-0.4711699 ]
 [ 1.9554149 ]
 [-1.6157194 ]
 [-0.17109263]
 [ 1.1110435 ]
 [-1.7009895 ]]

x29: shape=(1, 326)
[[-1.5141008   1.8266016   0.6657413   1.1382983  -0.74815655 -1.9537494
  -0.73348653  1.6630417  -1.4731052   0.4064856  -0.4660602  -1.9714293
  -1.0993766  -0.54816943 -1.94202    -1.927566   -0.6063016   1.7153531
   0.46423292 -1.0657023   0.79903203  1.6105086  -0.14743885 -1.698922
  -1.9394699   0.66035074 -1.3235327   1.0815978   0.6867605  -1.3240881
  -1.7899255   0.50766397  0.33816424  1.1219724   1.6968796   0.75388443
  -1.1710126  -1.3023419  -0.91626954 -0.5061055  -0.551518    1.1383171
  -1.1561495  -1.5658915   1.8573428  -0.45075628  0.9488043  -0.8691595
  -0.8883569   0.24448994 -1.2616982  -1.4523195   1.0875235  -0.20812696
   0.43607956 -0.94486535  0.4064405  -0.5294169  -1.836995   -0.8698729
   1.5158043  -0.9901293   0.0533574  -1.6690701   0.3200936   1.6313806
  -1.0229151          nan  1.9492645  -0.29451883  1.6775836   1.8012096
   0.77320945 -1.0795157  -0.4284432  -1.2180703  -0.42511135  0.14722994
  -1.1632776   1.9027938   0.21325384 -1.1831043  -1.9615135   1.3734134
   1.8091481  -0.9840891  -0.6753558  -0.4324167   0.7444068  -0.5409683
  -1.9513055   1.5896742  -0.96203923 -0.28290176  0.29458854 -1.1051137
   0.96265185 -1.5649301   1.0344068   0.9071906   0.09261187  0.15902758
   1.5465611   1.3469323   1.7110853   0.30525532 -0.7066807   0.2790502
  -1.3200803   1.5582054  -0.31423798  1.0808915  -1.3834202   1.9846905
  -1.7380334  -0.63385797  0.20511529  0.96549207 -1.6201587  -1.7259489
  -0.4602629  -1.3904295   0.6625142  -1.1731722   1.7295094  -1.8839581
  -1.8618652  -0.0841719   0.2574108  -1.7200001  -1.1569201   0.26354444
  -0.09037145 -1.0351045  -1.4840211   1.6925337   0.82227683  0.17581058
  -1.4993626  -0.8741378   1.2787302   1.9476706  -0.5744488   0.5692715
   1.4306501  -0.01577562 -1.9559724   0.9697536   1.3470246  -0.6785244
   0.7586635   0.72365046  0.9260285  -0.20411977  0.8378228   0.0819017
  -0.61993456 -0.33490926  1.8303427  -0.84646916 -1.8404878  -0.63883007
  -1.1155646  -0.5690007   1.2069573  -1.3378413   1.8042443   1.2474858
   1.8188821   0.6821145   0.13296244 -0.11668556 -1.6127437  -1.9102527
   0.77834994  1.4735732  -0.42549396  0.29940677  0.2205732  -0.920276
  -1.6692578  -0.02523696 -1.090942    1.2352315  -0.35667154 -1.225134
  -1.5871614   0.6771812   0.38428393  0.71382636 -1.5984309   1.5224229
  -1.7228838  -1.1444869   1.169022   -1.0781196  -1.9263866   1.3701426
   0.04970925  0.39657882  1.1319721   1.075435   -0.24557242 -1.1219987
  -0.48419738  0.9806973  -0.8463048   1.8475462   1.4958844  -1.2651552
  -1.5803834  -0.4950267   1.8046676   0.36106828  1.5572221   1.6839021
   0.715715    1.664758   -0.7663357   0.07811438 -0.36949137  1.3498625
  -0.02298803 -0.3193512   0.44253707  0.98734516  1.0338527  -0.42073363
  -1.0832466   0.15221764 -0.7213219   0.46023816 -0.45424747 -1.0414377
   1.2635477   0.8253622  -0.7699699   0.314182    1.4599613   1.7522106
  -0.84924954 -0.6745201   1.8995038   0.84294975  1.6063195  -1.3972238
   1.9630579  -1.3752604  -0.4740774   1.6447191  -0.34867683  1.1783495
  -1.4168094  -0.9960273  -1.7210195  -1.740186   -0.5462572   0.5829407
  -0.8888229  -1.1430174   0.88391125  1.1594585   0.04472321  1.9910394
  -1.5081059  -1.0574361   0.46298793  0.139432    0.9238825   0.5544578
  -0.6029904   0.67280704  1.9905148   0.08754357 -0.04623304  1.3304042
  -0.3999165   1.134603    1.4458939  -1.9773735   1.9617063  -0.93846816
   0.90962344 -0.6271838  -0.22134611 -0.9653004  -0.5362819   0.79842114
  -0.08799617  0.5873523   1.2153856   0.632106    1.8434157  -0.7100825
  -0.7974053  -0.6521203  -0.91673946 -1.9760365   0.8943297   0.79017705
  -0.36328086 -1.108389   -0.1976446  -0.85438    -0.9247863  -0.8080793
  -1.3370448  -0.4340379  -1.8835025   1.4521303   1.2822837   1.6058215
   1.9424874  -0.0154605  -1.3159745  -1.4076097  -1.2468606  -1.2693539
   1.60025    -0.13690752 -0.6732136   1.1564616   0.393827   -1.2297615
  -0.8221132  -0.32341358]]

x30: shape=(391, 222)
[[ 1.3492621  -1.48417     1.6237943  ...  1.4628973  -1.6355594
   1.9922929 ]
 [ 0.12592968  1.9117986   0.37775734 ...  1.0397149  -0.88061816
  -0.9967624 ]
 [-1.7789348  -0.62965006 -0.9908235  ... -0.32360238 -1.9461743
  -1.5888144 ]
 ...
 [ 0.773276    1.3073546  -1.4804986  ...  1.412767   -0.42875323
   0.15627268]
 [ 1.0829035  -1.1058613  -1.8095187  ...  0.8231648  -1.021397
   1.0901544 ]
 [ 0.00511693  0.01397693  1.7257134  ... -1.4660999  -0.28625563
  -0.70662665]]

x31: shape=(391, 222)
[[-0.7022508  -1.1849326  -0.2998551  ...  0.41954494  1.4430089
  -1.2959019 ]
 [ 1.9329455  -0.42273405  1.5311539  ...  0.71482104 -1.0607861
  -1.0804943 ]
 [-1.1860658   1.3401934  -0.9448732  ...  1.4317919  -1.9396795
   0.3754059 ]
 ...
 [ 1.8605511  -0.05871491  0.59797746 ... -1.5596265   0.30275092
   1.0517306 ]
 [-1.3246871  -0.5398409   1.273036   ... -1.0217057  -0.5834966
   1.3074741 ]
 [-1.5411581  -1.4892229  -0.56065035 ... -1.1405813  -1.8404568
   1.1761565 ]]

x32: shape=(391, 222)
[[ 1.8020138  -0.47114956 -0.96543896 ... -1.5298207  -0.45597774
   1.5524361 ]
 [-1.0415998   0.5004774  -1.0666854  ...  0.6734013  -1.3618858
  -0.47674608]
 [-0.08194415  0.16508143 -1.2740072  ... -0.9126989  -1.690271
  -0.43268365]
 ...
 [ 0.85697633 -1.1703862  -0.6945099  ...  0.4673986  -1.3233159
  -1.0583996 ]
 [ 0.9407994   0.82913357 -1.2852291  ... -1.9511871   0.8152321
  -0.65088296]
 [ 1.2690136   1.6854751  -1.2095779  ...  0.34306082 -0.6720081
   0.98249793]]

x33: shape=(222, 4)
[[-1.9217592  -1.8510715   0.18503794 -0.6062717 ]
 [-0.02426785 -1.2742628   0.96776277  1.3000625 ]
 [ 1.0793666  -1.652448    1.884611   -1.4674033 ]
 [ 0.25394285  1.1041577   1.2078589   1.4524027 ]
 [-1.1263795   1.9870119   0.5597643   0.95827717]
 [-1.3671988  -1.5131191  -1.068787    1.9049356 ]
 [-0.15778503  1.5124923   1.472706    1.2598171 ]
 [ 1.2513628  -0.2604362   1.0967226  -1.0886745 ]
 [ 1.3928165  -1.2688961   0.84276843 -1.9895992 ]
 [-1.665959   -0.93338853  1.9089874  -1.2563562 ]
 [ 1.7549512   0.5500302   0.59213394  0.1708713 ]
 [-1.2983785   1.1364188   1.9029248  -0.4977568 ]
 [ 1.4845041   1.1067704  -0.63591075  1.892037  ]
 [ 1.2475789   1.8599722  -0.55083793  0.9290895 ]
 [ 1.431694   -0.9224148  -0.81507546  0.31128186]
 [ 1.0137358  -1.4595827   0.54489875 -0.3087963 ]
 [-0.60388136  1.3457563  -1.9986922  -0.49416578]
 [ 0.65305865  1.6319617  -1.7443131   1.3597944 ]
 [-0.6847438  -1.6401739  -1.0148715  -0.40154186]
 [ 1.5484838   0.03494819  0.48900193 -0.16171134]
 [-0.25954926 -0.52476305 -0.05945251  1.6843396 ]
 [ 1.3796151  -1.9399487  -0.9896967  -0.7833594 ]
 [-1.7072985   0.41347405 -1.8698869   0.85316825]
 [-0.91929    -0.14965126  1.1340194  -0.32012743]
 [-0.13193136  1.8685622   0.53240645  1.1059725 ]
 [ 0.34140214  1.1130854  -1.0084791   1.4736363 ]
 [-0.44873816 -0.89622223  1.3512036  -0.24956882]
 [-0.65685195  1.5727814   1.5952486   1.1263618 ]
 [ 0.11716644 -0.27716884 -1.6291649   0.34661078]
 [-0.11579864  0.8689965   1.7242819  -0.51927817]
 [ 0.4994446   1.2175767   0.55659086  1.9520112 ]
 [-0.27396894  0.8568008   1.9748641   1.8528398 ]
 [ 0.73560524  1.2340778   1.1206261  -1.7399231 ]
 [ 0.48082924 -0.7453407   0.53837264 -0.56907374]
 [-1.318313   -0.44666624 -1.7677169  -1.9715104 ]
 [-1.1892031  -0.23599742 -1.0209502  -1.7313194 ]
 [ 1.2643971  -1.9176939  -0.26490915  1.6959977 ]
 [ 0.06446942  1.7135085  -0.40033963  0.61261994]
 [ 0.20377229  0.16989286 -1.9193932   1.7362826 ]
 [-1.4447696  -0.37078488  0.9399309  -0.26634976]
 [-1.1962409  -1.4839694   1.758132   -1.3687736 ]
 [ 1.4538854  -1.4004056  -0.9918542  -0.03814308]
 [ 0.10226813 -0.23319285 -0.38785118  1.4503195 ]
 [ 0.37535164 -1.4564241  -0.34256116  0.39784303]
 [ 1.9139997   1.6342889   0.97822046 -0.12378985]
 [-0.73949385 -0.7865927  -0.7822485   1.3619558 ]
 [ 0.14527118  1.1730292   1.1709739   0.8220576 ]
 [ 1.2003132   0.3458301  -1.5399008  -0.12203927]
 [-1.700146    0.10604906 -0.9833183  -1.1701422 ]
 [ 0.7073823  -0.19980103 -0.09356107 -1.9873179 ]
 [ 0.4556233   0.6983536   0.5226833   1.7988281 ]
 [ 0.4671916  -0.33902696  0.53079337  0.50783217]
 [ 1.170196    1.7457854  -1.1969502   1.0887284 ]
 [-1.1222147   0.5010414  -1.1025871   0.49856198]
 [ 1.1662076   0.7885148  -0.72405076  1.2445498 ]
 [ 1.2200639  -0.32855847 -1.0308506  -1.1589525 ]
 [-1.0369748   0.06341074 -0.4872494   1.9784646 ]
 [ 1.3430716  -0.31743023 -0.22685115  1.7659106 ]
 [ 0.74015737  0.48808622  0.12861896  0.30962986]
 [ 0.91653305  1.7064612  -0.3154706  -1.3069274 ]
 [ 0.37622085 -1.3269473  -0.07057622 -1.546314  ]
 [ 0.08401611 -1.392686    0.486259    1.8497732 ]
 [-0.13816258 -0.78024393 -0.14429283 -1.2048296 ]
 [ 1.2792324   1.0751426  -1.9674684  -1.7602185 ]
 [ 1.0730159  -0.29053047 -0.6076492  -0.10388148]
 [-1.190799   -1.7533549   0.42237443 -0.6381806 ]
 [ 1.8589581  -0.18618716  1.728613    1.2657164 ]
 [-0.33824456 -1.0219995  -0.38601348  1.7949331 ]
 [ 1.546486    1.3399744  -1.1409843  -1.7811525 ]
 [-1.2278321  -0.29836598 -1.0712084   1.4293909 ]
 [ 0.7866186   1.9485269  -0.26942903 -1.2134796 ]
