Framework: torch
Beginning symbolic replay...

Step 0
  Symbolic: Sum(x14:Matrix(215, 215)) -> t0
  Concrete: torch.sum(x14)
  Result shape: ()
  Result value:
162.11895751953125

Step 1
  Symbolic: MatMul(x390:Matrix(409, 409), x393:Matrix(409, 409)) -> t1
  Concrete: torch.matmul(x390, x393)
  Result shape: (409, 409)
  Result value:
tensor([[  1.6253,   7.5058,  -2.4456,  ...,  14.9988, -14.0206, -12.9634],
        [ -2.9185,  -2.2617,   7.5957,  ..., -10.5478, -10.7954,  14.5456],
        [  5.0303,  -4.2217,  -0.5128,  ...,   9.8246,  -3.8046, -20.1292],
        ...,
        [ -5.6587, -13.8767,  12.1760,  ..., -13.6998,   7.9098, -22.2002],
        [ 10.0593,   6.5298,  12.1741,  ..., -16.3763,   5.1580, -11.9052],
        [ -7.0409,  14.2091,   0.7998,  ...,   7.2333, -24.1661,  16.2493]])

Step 2
  Symbolic: MatMul(x191:Matrix(215, 215), x12:Matrix(215, 215)) -> t2
  Concrete: torch.matmul(x191, x12)
  Result shape: (215, 215)
  Result value:
tensor([[-16.9025,   6.3692,   3.9713,  ..., -17.1026, -14.1428,   0.5738],
        [ -7.0949, -16.4742,   0.6052,  ...,   9.6878,   6.4772,  12.2806],
        [  5.9268,  12.3525,  25.2180,  ...,  -0.9872,   0.3825,   1.7024],
        ...,
        [ 18.0822,  -2.1023, -10.2930,  ...,   8.5918, -16.1063,   4.0967],
        [ 16.2541,  -9.2846,   5.9688,  ..., -10.2185,  -0.3600,  17.1742],
        [ -3.7378,   0.3967,  -7.4193,  ...,   5.6792, -10.7200,   8.8792]])

Step 3
  Symbolic: Sum(x218:Matrix(329, 4)) -> t3
  Concrete: torch.sum(x218)
  Result shape: ()
  Result value:
47.56801986694336

Step 4
  Symbolic: MatMul(x491:Matrix(130, 130), x490:Matrix(130, 130)) -> t4
  Concrete: torch.matmul(x491, x490)
  Result shape: (130, 130)
  Result value:
tensor([[  0.7300,  -1.7806,   2.2543,  ...,  -4.8416,   6.1859,  -7.6490],
        [-13.4993,  -3.5328,  -0.7208,  ...,   1.2178,   1.9268, -19.2421],
        [ -4.2168,   4.3143,  10.0042,  ...,   4.0249,  -3.7183,   8.7683],
        ...,
        [  3.9173, -12.9666,  -0.8356,  ...,   1.7302,   1.0093,   3.1223],
        [ -6.2532,  -7.6262,  -6.5486,  ...,  -1.3229, -23.7739,   8.7450],
        [  7.8070,  -3.7911,   2.2684,  ...,  -4.6092,   4.2398,  -5.3628]])

Step 5
  Symbolic: MatMul(x401:Matrix(257, 221), x403:Matrix(221, 5)) -> t5
  Concrete: torch.matmul(x401, x403)
  Result shape: (257, 5)
  Result value:
tensor([[ 14.4995,  -0.1708, -23.0035, -10.6878, -13.3154],
        [  0.3555,  18.0288,  -1.5262,  13.8902,   3.0966],
        [  5.1427,  15.0681,  16.8471,  27.6230, -34.2206],
        ...,
        [ 42.2371,   5.5674,  -6.6587,  17.3416,  -6.6085],
        [ -9.9069,   5.8468,   9.5079,  -9.3081,   8.5423],
        [-27.0900,  43.9915, -13.1826,   2.3433, -22.7739]])

Step 6
  Symbolic: Add(x473:Matrix(481, 481), x474:Matrix(481, 481)) -> t6
  Concrete: torch.add(x473, x474)
  Result shape: (481, 481)
  Result value:
tensor([[-0.4388, -0.3211, -1.7150,  ...,  1.0329, -0.2444, -0.2597],
        [-0.3211,  3.4751,  1.0321,  ..., -3.0592,  2.2720, -0.2897],
        [-1.7150,  1.0321, -0.0147,  ...,  0.4124,  0.4263,  0.2170],
        ...,
        [ 1.0329, -3.0592,  0.4124,  ...,  0.2635, -0.0126,  0.4813],
        [-0.2444,  2.2720,  0.4263,  ..., -0.0126,  0.1986,  1.5977],
        [-0.2597, -0.2897,  0.2170,  ...,  0.4813,  1.5977,  0.2157]])

Step 7
  Symbolic: Add(x415:Matrix(315, 204), x416:Matrix(315, 204)) -> t7
  Concrete: torch.add(x415, x416)
  Result shape: (315, 204)
  Result value:
tensor([[ 1.3168, -0.3335,  2.2476,  ..., -2.6589, -2.1657, -2.9375],
        [ 1.1273, -3.1791, -2.7884,  ...,  0.6400,  2.4443, -0.0967],
        [-0.9275,  0.9139, -0.2085,  ..., -0.1606, -0.8077,  2.2132],
        ...,
        [ 0.3046, -3.0673,  2.1131,  ..., -2.1218, -0.3208,  1.4847],
        [ 1.0464,  0.1857,  0.7425,  ..., -0.3499,  0.3574,  0.6055],
        [-2.1744, -2.8314,  1.4853,  ...,  2.2400, -2.4383,  0.1750]])

Step 8
  Symbolic: Subtract(x186:Matrix(112, 112), x188:Matrix(112, 112)) -> t8
  Concrete: torch.sub(x186, x188)
  Result shape: (112, 112)
  Result value:
tensor([[-1.8021, -1.5399, -1.4569,  ...,  0.9529, -0.0940, -1.2758],
        [-1.5399, -0.9765,  1.6005,  ..., -1.0646, -0.4704,  0.1781],
        [-1.4569,  1.6005, -1.8826,  ..., -0.4104, -1.1156, -0.0948],
        ...,
        [ 0.9529, -1.0646, -0.4104,  ..., -1.9777, -0.3830, -1.1866],
        [-0.0940, -0.4704, -1.1156,  ..., -0.3830,  0.9294,  1.8084],
        [-1.2758,  0.1781, -0.0948,  ..., -1.1866,  1.8084,  1.2070]])

Step 9
  Symbolic: Subtract(x481:Matrix(184, 154), x480:Matrix(184, 154)) -> t9
  Concrete: torch.sub(x481, x480)
  Result shape: (184, 154)
  Result value:
tensor([[-0.7430,  0.4558,  1.6256,  ...,  0.8239, -1.3762, -0.3563],
        [-1.4927, -3.0226, -0.6611,  ...,  0.0466,  0.6641, -0.9636],
        [ 1.5157,  0.1404, -0.4822,  ...,  2.6315,  1.3743, -3.0875],
        ...,
        [-0.9818,  0.0216,  1.2521,  ...,  2.7333,  0.2827,  0.1530],
        [-0.2263,  0.3895,  1.4316,  ...,  0.8618, -0.4776,  3.1337],
        [ 0.9873,  0.7687,  0.5858,  ...,  0.0536,  1.6133, -3.0212]])

Step 10
  Symbolic: MatMul(x134:Matrix(470, 470), x130:Matrix(470, 470)) -> t10
  Concrete: torch.matmul(x134, x130)
  Result shape: (470, 470)
  Result value:
tensor([[ -9.2526, -23.5001,  -7.4122,  ...,  -8.2783, -12.7606, -21.2475],
        [-13.6032, -20.3215,  -6.8090,  ..., -15.4946,   8.9412,  20.3135],
        [  0.1632,  -7.5509,  -7.2432,  ...,  -3.8691, -17.2428,  21.7394],
        ...,
        [  7.4865,   1.0454,  -1.7388,  ...,   2.2446, -32.8260,  -6.3356],
        [-35.3125,  21.2952,  18.1187,  ...,  -4.8555,   9.6862,  17.1882],
        [-28.3176,  22.6260,   1.1046,  ..., -10.7934,  21.8483,  -7.7799]])

Step 11
  Symbolic: Add(x369:Matrix(4, 163), x369:Matrix(4, 163)) -> t11
  Concrete: torch.add(x369, x369)
  Result shape: (4, 163)
  Result value:
tensor([[-0.2714,  3.9923,  2.2848,  3.7184,  2.1263,  1.8405, -3.8366, -2.0101,
          2.2042, -1.0168,  2.4897, -3.7170,  0.6721,  0.5622, -0.6469,  0.9496,
          2.2944, -2.4629, -1.6011,  3.7384,  0.6218, -2.5438, -3.9286, -2.7089,
         -3.2835, -1.8653,  0.4665, -3.8412, -2.9288, -2.0809, -2.0835,  1.8149,
         -3.8897,  3.5103,  0.9038,  3.0442,  2.6965, -2.8392, -1.9036,  2.1545,
         -1.3674,  0.9513,  3.6713, -1.0406,  3.5464,  1.1531,  0.8386,  2.4614,
         -2.7752, -0.6918, -0.8957, -0.6513, -1.8477,  3.6195, -3.8382, -0.8829,
          0.4579, -0.4570,  2.7161, -0.0761,  1.2350,  3.2629,  1.0335,  1.7060,
         -2.6881,  3.1070,  1.8163, -2.9881,  1.0639, -0.5971, -2.8431,  0.4655,
         -0.7164,  2.6229,  2.9400,  1.1787, -3.8220,  2.8413, -2.2612,  1.3036,
         -3.4944,  0.3269,  0.4690, -2.2289, -0.9117,  0.7688,  0.1403, -0.3456,
         -1.0937, -3.5894, -3.6267, -3.7489,  1.9814, -2.8492, -1.0163, -3.6424,
         -0.9830, -2.4593,  0.1434,  1.9408, -3.8358, -3.5976, -3.6661, -3.0034,
          2.9107, -2.6658, -0.8632,  2.4604,  2.9156,  1.5447, -1.0211,  2.4578,
         -0.3618,  2.6126,  0.0916,  3.5182,  2.7161, -0.6689, -0.0671,  0.1834,
         -0.1795,  3.2770,  0.4982,  2.3711, -3.8716,  1.3992,  0.0907, -3.8076,
         -3.9390,  3.2911, -1.2775,  3.7725,  2.2972,  3.3234, -3.7523, -0.6876,
         -1.8875,  1.8728,  1.0525,  2.1140,  0.4317, -1.6076, -3.9189, -2.4871,
          0.0404, -2.4141,  3.1684, -3.5146,  2.7463,  0.6688,  0.5156, -1.3034,
         -3.2442,  1.7840,  3.9365,  2.9912, -3.5287,  3.7516, -3.7457, -2.2395,
         -2.5346,  2.7981, -1.1610],
        [-3.7593, -2.0978,  0.0549, -3.7002, -3.8562,  2.6667, -2.9344,  0.1075,
          0.5338, -0.4986, -3.6642,  1.0363, -1.9902,  1.3398, -2.7637, -3.6516,
         -0.6529,  3.6568,  0.8979,  0.8452, -1.9878, -1.1338, -0.5752,  0.0306,
          1.1271, -0.7874, -2.1703, -3.1942,  2.4396,  2.9143,  1.2101,  2.9575,
         -1.9329,  3.5940, -3.7417, -2.4204, -2.5351, -0.5477, -2.0302, -3.6647,
          2.9788, -1.7413,  0.9784, -1.8452, -1.5428,  2.7864, -3.1878,  1.7639,
         -3.4136, -0.3959,  2.8172, -1.0519,  1.7427,  1.6954, -1.1388, -2.8289,
         -0.3137, -2.6685,  1.7247,  0.2789,  0.9897, -3.6376, -1.1993,  1.9542,
         -3.3241, -0.4093,  3.4223, -0.0626, -1.2273, -0.0471, -2.2034, -3.8627,
          0.9259,  3.7052,  0.2516, -0.8530, -2.7686,  0.5374,  0.8415, -1.3067,
         -2.8172, -0.2781, -2.7727,  3.6655, -1.8565,  2.7967,  2.6437, -3.4206,
         -2.3580,  2.2131,  2.2238, -3.9963, -1.8622, -3.5618, -2.0047, -3.8476,
         -1.4829,  0.9178, -2.9284, -2.2313,  2.7556,  1.4798, -3.0520, -3.9735,
          3.2643,  2.7097,  3.7187, -3.5121,  1.8158,  3.5377, -3.1325, -2.1553,
         -2.3875, -1.3020,  0.3069, -2.6876, -1.9805,  0.7620,  1.3165, -0.6670,
          3.0209, -1.1279, -0.5813, -2.9203,  2.7231, -2.0592,  0.1481, -1.4557,
         -0.4062, -3.7296, -0.4812,  1.1752, -3.7717, -0.1247, -0.6325,  0.9284,
          0.0146,  0.6300, -0.3193,  0.2310,  2.0497,  0.6630, -1.5495, -3.7886,
          2.8295,  2.0509, -3.4873,  0.3782, -1.1165,  3.5312,  1.0977, -1.7212,
          0.2505, -0.5139, -1.2078, -3.9726, -3.4244, -1.7037,  1.6560, -3.8666,
          1.3713, -3.4261, -0.1670],
        [ 0.3750,  1.5381,  1.4182, -3.2235,  3.9624, -0.1665, -3.9362, -0.2469,
          0.3168, -0.0049,  2.3344,  2.3743, -1.3044, -3.4743, -3.3719, -3.5946,
         -2.1691, -1.5846, -2.8502, -1.5201,  3.9690, -0.5318,  1.9111, -0.3762,
         -3.6695, -0.4624,  0.9653, -3.8467, -2.6216,  0.7824, -0.2013, -3.9370,
          0.2359,  0.5877,  2.0146, -0.0187, -0.8898, -3.9292, -3.3642, -2.3439,
         -2.1145, -3.1285, -0.1532, -3.3372,  3.8366,  2.1799,  1.0916,  1.4996,
         -1.9275, -2.7824, -1.3494,  1.3561, -1.5983, -0.1752,  2.9625, -0.9392,
         -0.0152, -3.0344,  2.2986,  0.1520, -0.8220,  3.3557,  0.5485,  3.1791,
         -3.5164,  3.6403, -0.0271, -3.0725, -2.6308, -1.5275, -3.4884, -1.1430,
          0.0977,  3.0940, -3.1030, -1.7532,  2.4872, -0.2028, -1.3083,  1.7405,
          3.5750,  0.8096, -0.1064, -1.0812,  2.6534,  0.9725,  1.6707,  3.6688,
          3.0389, -0.0587, -3.4970, -2.7956, -1.5235, -3.7105,  0.2802,  3.7964,
          0.5044,  2.8234,  1.9099,  0.5708, -3.3833, -3.0740, -1.9702,  2.1259,
         -0.2764,  2.8313,  3.6738,  1.3201,  2.6386, -0.3037, -0.6945,  0.0361,
          2.5672, -2.5479,  1.0948, -0.7870, -3.5598,  3.1642, -3.9783, -2.3844,
          0.0210,  1.7137,  0.0082, -2.3821, -0.5014, -2.3975,  3.6604, -1.4427,
          3.1444,  0.1171,  1.2674,  3.6816,  0.8565,  1.0851, -1.3302,  3.6161,
          1.5485, -1.3380,  0.4737, -0.9887, -0.0716, -0.5013, -3.0184,  0.5411,
          0.1739,  2.8079, -2.2343, -1.0331,  1.5499, -3.3802,  3.3286,  2.8098,
          0.5155,  3.0357, -1.4034, -0.3962, -1.0403,  0.7948, -0.1862,  1.1441,
          2.4698, -3.7183, -2.8045],
        [ 1.1468,  1.6434, -3.3152,  0.5407,  2.0075, -3.7448, -2.6992, -0.9197,
         -1.2574,  2.9547, -1.4944,  2.1069, -0.3890, -2.9241, -2.8945,  0.2623,
         -0.9251, -0.9451,  2.0481, -3.2415, -2.3805,  1.8515,  0.7053, -1.6686,
         -1.9644, -0.9256,  2.8157, -1.6728, -3.7330,  0.4660, -0.5877,  1.0240,
         -0.2281, -3.7530,  3.6809,  1.5921,  3.0680,  3.7755, -1.5807,  2.6064,
          3.4169, -0.8589,  3.9823, -0.4335, -3.5090, -1.4107, -0.5589,  3.9389,
          0.0595,  2.3197, -1.4253,  1.7720,  2.4513, -1.5640,  3.0874,  0.1283,
          2.1588,  0.6456,  1.5357,  3.2823,  3.1858,  0.6336, -0.8760, -2.6098,
         -0.9361,  3.2209,  3.0829,  1.5934,  3.0056, -3.3726,  1.8019, -0.5880,
          0.5255, -0.7044,  2.2655,  1.4222, -1.6980,  2.0432, -3.3692,  3.7132,
          3.0195, -1.1540,  3.1678,  0.5672, -1.5438, -3.0516, -3.6094, -1.9738,
         -1.9132,  0.0170,  3.8256,  3.8754, -1.8428,  0.4440, -3.6984,  1.4267,
         -1.4580,  1.5367, -1.1906, -3.3909,  0.1334, -1.9342,  3.5595,  0.8704,
         -0.3155, -0.5991, -1.0510, -2.1614, -1.7501, -2.8944,  3.0738,  2.4393,
          3.5426,  1.3371,  2.2153, -1.0229, -1.0667, -0.2778, -2.7785,  3.0746,
          3.9307, -2.7115, -1.3866,  3.9045,  1.0793,  3.0521,  0.5693, -2.1386,
          0.5355,  1.9487, -3.0909, -1.7053,  1.8394,  1.8875, -2.2298,  2.0895,
         -0.6785, -3.3862, -2.7858, -2.6189, -2.8507, -0.7096,  1.3133, -0.1858,
         -2.4779,  2.6254, -0.8953, -2.9617,  3.4270, -1.5719, -3.0060,  2.1337,
          0.7341, -2.3093, -1.2771, -0.6126,  1.3535,  2.2953, -3.8387,  0.6686,
          3.2311,  3.1288,  0.3805]])

Step 12
  Symbolic: Add(x115:Matrix(437, 58), x116:Matrix(437, 58)) -> t12
  Concrete: torch.add(x115, x116)
  Result shape: (437, 58)
  Result value:
tensor([[ 1.0278,  0.7191,  0.5549,  ...,  0.3327, -2.3523,  1.5868],
        [-2.5994,  0.6410, -0.3861,  ..., -1.7369, -1.0890, -1.0780],
        [-0.4724,  1.0353,  0.1907,  ...,  2.9640,  0.5079,  0.5667],
        ...,
        [-1.8221, -0.2429, -0.0626,  ...,  0.3982,  1.9226, -1.1379],
        [-1.5621, -2.6517, -1.0651,  ...,  2.6895, -1.0147,  0.9114],
        [-0.4753, -2.3224, -0.4647,  ..., -1.4151,  3.2640,  1.5022]])

Step 13
  Symbolic: MatMul(x414:Matrix(188, 188), x410:Matrix(188, 188)) -> t13
  Concrete: torch.matmul(x414, x410)
  Result shape: (188, 188)
  Result value:
tensor([[ -6.9655,  -7.1688,   2.8956,  ...,   1.0832, -15.6819,   8.8219],
        [  3.4773,  14.0076,   1.5546,  ...,  10.4953,  19.2431, -15.2787],
        [-12.6508,  -3.0234,  10.1175,  ...,  11.3355, -17.6931,  -3.3407],
        ...,
        [  3.4623,  -4.6299,   0.8440,  ...,  -7.9865,  -0.5040,  -5.4266],
        [  4.6476,  -2.4033,  21.1768,  ..., -16.6648,  -1.8366,   3.0595],
        [  1.4627, -13.1701,  11.8222,  ...,   0.7863,  -2.8931,  -7.8090]])

Step 14
  Symbolic: Sum(x121:Matrix(424, 497)) -> t14
  Concrete: torch.sum(x121)
  Result shape: ()
  Result value:
-986.5219116210938

Step 15
  Symbolic: MatMul(x333:Matrix(79, 5), x24:Matrix(5, 457)) -> t15
  Concrete: torch.matmul(x333, x24)
  Result shape: (79, 457)
  Result value:
tensor([[-3.5240,  2.3040,  1.5842,  ..., -2.5805,  1.2562,  0.4599],
        [ 3.1871, -2.1785, -1.8513,  ...,  2.2948, -1.1357,  0.0436],
        [-0.1991,  2.7971,  2.8993,  ..., -0.2281,  2.8658,  2.8300],
        ...,
        [-4.6418,  3.2622, -0.6915,  ..., -4.6497,  2.9262,  5.1583],
        [ 0.8286,  1.0973,  5.8568,  ...,  3.5652,  1.8211, -1.9239],
        [-3.7018,  6.9910,  5.0923,  ..., -3.3228,  3.4914,  5.0592]])

Step 16
  Symbolic: Subtract(x41:Matrix(237, 237), x44:Matrix(237, 237)) -> t16
  Concrete: torch.sub(x41, x44)
  Result shape: (237, 237)
  Result value:
tensor([[ 0.4070, -1.1363, -0.4255,  ...,  0.9837,  0.7320, -0.8694],
        [-1.1363, -0.9609, -2.2222,  ...,  0.0835, -0.2271, -0.2483],
        [-0.4255, -2.2222,  1.1349,  ..., -0.6386, -0.0037, -0.5905],
        ...,
        [ 0.9837,  0.0835, -0.6386,  ...,  0.0679, -0.2317,  1.7481],
        [ 0.7320, -0.2271, -0.0037,  ..., -0.2317, -2.0942,  0.5437],
        [-0.8694, -0.2483, -0.5905,  ...,  1.7481,  0.5437, -1.3974]])

Step 17
  Symbolic: Subtract(x50:Matrix(191, 304), x51:Matrix(191, 304)) -> t17
  Concrete: torch.sub(x50, x51)
  Result shape: (191, 304)
  Result value:
tensor([[-2.8358, -2.9266, -0.6248,  ..., -1.8103,  0.0589, -1.3325],
        [-2.1608, -0.5222, -3.3360,  ..., -1.2126,  0.6651,  2.3115],
        [-0.2386, -1.3555,  0.2628,  ...,  0.3140, -1.8297,  3.1560],
        ...,
        [-0.8074,  0.0865, -2.6073,  ...,  2.5632, -2.9605, -0.0067],
        [ 0.0365,  0.1013, -2.9765,  ..., -2.6890, -0.5031,  0.4913],
        [-0.0334,  0.9362,  0.9735,  ..., -1.3485,  2.5006,  2.1656]])

Step 18
  Symbolic: MatMul(x492:Matrix(130, 130), x490:Matrix(130, 130)) -> t18
  Concrete: torch.matmul(x492, x490)
  Result shape: (130, 130)
  Result value:
tensor([[ -6.5793,   4.4073,   1.1281,  ...,  11.7592,  -7.9769,   6.7409],
        [-11.0230,  -2.4362,  -4.0199,  ...,   1.6440,  -1.4695,   3.1389],
        [ -3.2019, -13.9214,   2.4027,  ...,  -0.8508,  -4.9716, -11.2451],
        ...,
        [ -9.4486,  -2.4193,  -9.7950,  ...,  12.1068,  -0.8814,   9.7354],
        [ 11.4515,  -7.8612,  -1.4211,  ...,  -1.1511, -12.3115,  -0.0659],
        [ -2.1842,  -2.3654, -10.1604,  ...,   0.7892,   1.2313,  -2.5889]])

Step 19
  Symbolic: Add(x152:Matrix(276, 113), x152:Matrix(276, 113)) -> t19
  Concrete: torch.add(x152, x152)
  Result shape: (276, 113)
  Result value:
tensor([[-0.3523, -2.2853, -1.9322,  ..., -0.5029,  3.2937, -1.6877],
        [-3.5914, -3.4795, -1.7975,  ...,  1.4454, -2.1580,  0.9754],
        [ 0.0101, -2.2401,  3.3917,  ..., -3.7871,  3.1785, -2.3410],
        ...,
        [-1.2084, -1.8669,  0.3459,  ..., -0.3687,  0.3037,  0.6356],
        [ 2.2886, -0.5725, -3.5131,  ...,  3.2175,  2.5686, -2.3329],
        [-0.8675, -3.0040, -3.0204,  ...,  2.7921, -0.6557,  1.0491]])

Step 20
  Symbolic: MatMul(x338:Matrix(274, 3), x119:Matrix(3, 437)) -> t20
  Concrete: torch.matmul(x338, x119)
  Result shape: (274, 437)
  Result value:
tensor([[ 4.2282, -1.5921, -0.8575,  ...,  1.8429, -4.1176, -2.2776],
        [-2.0172,  4.5233, -0.5940,  ...,  2.7086, -1.0532, -0.2262],
        [-2.2079, -0.5855,  0.4085,  ..., -2.9208,  3.4292,  1.7381],
        ...,
        [-3.5376,  2.4163, -0.2638,  ..., -1.5177,  2.8131,  1.6180],
        [-0.8303, -2.4918,  0.4480,  ..., -3.7174,  3.2176,  1.4867],
        [ 1.6525,  0.2693, -0.8861,  ...,  1.1132, -2.2166, -1.1601]])

Step 21
  Symbolic: Subtract(x485:Matrix(110, 110), x485:Matrix(110, 110)) -> t21
  Concrete: torch.sub(x485, x485)
  Result shape: (110, 110)
  Result value:
tensor([[0., 0., 0.,  ..., 0., 0., 0.],
        [0., 0., 0.,  ..., 0., 0., 0.],
        [0., 0., 0.,  ..., 0., 0., 0.],
        ...,
        [0., 0., 0.,  ..., 0., 0., 0.],
        [0., 0., 0.,  ..., 0., 0., 0.],
        [0., 0., 0.,  ..., 0., 0., 0.]])

Step 22
  Symbolic: Transpose(x24:Matrix(5, 457)) -> t22
  Concrete: torch.transpose(x24, 0, 1)
  Result shape: (457, 5)
  Result value:
tensor([[-1.6275, -0.4055,  0.6302,  0.5566,  0.4381],
        [-0.3632, -0.6770, -1.6117, -0.3206, -1.8737],
        [ 0.5547, -1.5520,  0.4539, -1.1841, -1.8809],
        ...,
        [ 0.1511, -0.9282,  1.4960, -0.8019,  1.0785],
        [-0.2208,  1.4075,  0.6637, -0.9559, -1.4819],
        [-1.3839,  1.1913, -1.8505, -0.4846, -0.5725]])

Step 23
  Symbolic: Subtract(x445:Matrix(104, 104), x449:Matrix(104, 104)) -> t23
  Concrete: torch.sub(x445, x449)
  Result shape: (104, 104)
  Result value:
tensor([[-0.4341, -0.8669, -0.1963,  ...,  0.7997,  0.2436, -0.4351],
        [-0.8669, -1.1910, -0.4838,  ..., -1.1389, -1.4560, -0.8226],
        [-0.1963, -0.4838,  1.4562,  ..., -2.3415, -0.8476, -0.0497],
        ...,
        [ 0.7997, -1.1389, -2.3415,  ...,  0.9931,  0.2167, -0.7310],
        [ 0.2436, -1.4560, -0.8476,  ...,  0.2167,  1.1110,  1.0671],
        [-0.4351, -0.8226, -0.0497,  ..., -0.7310,  1.0671, -2.7587]])

Step 24
  Symbolic: MatMul(x119:Matrix(3, 437), x208:Matrix(437, 5)) -> t24
  Concrete: torch.matmul(x119, x208)
  Result shape: (3, 5)
  Result value:
tensor([[ 35.9368, -11.0867,  -5.0674,  31.0342, -64.4855],
        [  6.5025,  -0.7940,  26.4112,  -4.2021, -48.1729],
        [-33.7202,  -7.7900,  28.6788,  21.9265,  -0.2593]])

Step 25
  Symbolic: Subtract(x26:Matrix(326, 32), x25:Matrix(326, 32)) -> t25
  Concrete: torch.sub(x26, x25)
  Result shape: (326, 32)
  Result value:
tensor([[-1.5889, -2.0284,  1.6289,  ..., -0.2928, -2.6675, -0.2359],
        [-2.4941,  0.0307, -0.6948,  ...,  0.6108,  0.2534,  0.3631],
        [-0.3125,  2.0825,  0.4085,  ...,  1.2103,  0.4812, -0.3014],
        ...,
        [-1.3685,  0.3684, -0.4827,  ..., -1.9436,  0.0720, -1.4200],
        [-0.7195, -1.1140,  0.0264,  ...,  0.8534, -0.6947,  2.2475],
        [ 0.6746, -2.7352,  0.5558,  ..., -1.1099,  1.2921, -0.4550]])

Step 26
  Symbolic: MatMul(x104:Matrix(3, 415), x102:Matrix(415, 353)) -> t26
  Concrete: torch.matmul(x104, x102)
  Result shape: (3, 353)
  Result value:
tensor([[-42.0966, -23.3403, -32.2854,  ...,  10.7656, -12.1247,  21.4855],
        [ 16.7674,   3.1342, -53.4170,  ...,  59.2223,  54.0795,  -7.8727],
        [-73.1007, -45.6358, -10.2933,  ...,  22.0795,  33.3905,  18.0027]])

Step 27
  Symbolic: Subtract(x458:Matrix(75, 75), x456:Matrix(75, 75)) -> t27
  Concrete: torch.sub(x458, x456)
  Result shape: (75, 75)
  Result value:
tensor([[-0.2157,  0.4302, -0.5453,  ...,  0.7932,  0.8955,  0.6187],
        [ 0.4302, -1.7776, -1.6316,  ...,  0.4073,  0.1039, -1.5477],
        [-0.5453, -1.6316,  1.6460,  ...,  2.1787,  0.8001, -2.1633],
        ...,
        [ 0.7932,  0.4073,  2.1787,  ...,  1.6044,  0.5898, -0.7708],
        [ 0.8955,  0.1039,  0.8001,  ...,  0.5898, -1.8931,  1.6640],
        [ 0.6187, -1.5477, -2.1633,  ..., -0.7708,  1.6640,  0.0058]])

Step 28
  Symbolic: Transpose(x231:Matrix(306, 306)) -> t28
  Concrete: torch.transpose(x231, 0, 1)
  Result shape: (306, 306)
  Result value:
tensor([[ 1.1190, -0.3044, -1.4896,  ..., -0.3037,  0.2969,  0.2889],
        [-0.3044,  1.7235, -0.2133,  ...,  0.2222,  0.4391,  0.2413],
        [-1.4896, -0.2133, -0.1637,  ..., -0.4465,  0.0681, -0.7342],
        ...,
        [-0.3037,  0.2222, -0.4465,  ..., -1.7713,  0.2336, -0.1931],
        [ 0.2969,  0.4391,  0.0681,  ...,  0.2336,  0.7810,  0.2200],
        [ 0.2889,  0.2413, -0.7342,  ..., -0.1931,  0.2200,  0.9584]])

Step 29
  Symbolic: MatMul(x91:Matrix(175, 175), x90:Matrix(175, 175)) -> t29
  Concrete: torch.matmul(x91, x90)
  Result shape: (175, 175)
  Result value:
tensor([[  3.9525,  18.9402,   6.1763,  ...,  -2.0030,   1.8528,  -7.5764],
        [  0.8283,   0.7026,   4.0267,  ..., -14.1586,  -2.9475,   7.6489],
        [ -1.3342,   0.2477,  -3.9773,  ...,   9.9749,   9.0937, -14.6708],
        ...,
        [-12.3134,   1.4063, -11.7786,  ...,  -3.9443,   1.1367,   9.4446],
        [  3.0409,  -0.3809,  -5.0263,  ...,  13.6882,  -4.8453,  -1.7044],
        [  1.9199,   6.6131,  10.2329,  ...,   0.9303,  -0.1252,  -7.6296]])

Step 30
  Symbolic: Subtract(x473:Matrix(481, 481), x473:Matrix(481, 481)) -> t30
  Concrete: torch.sub(x473, x473)
  Result shape: (481, 481)
  Result value:
tensor([[0., 0., 0.,  ..., 0., 0., 0.],
        [0., 0., 0.,  ..., 0., 0., 0.],
        [0., 0., 0.,  ..., 0., 0., 0.],
        ...,
        [0., 0., 0.,  ..., 0., 0., 0.],
        [0., 0., 0.,  ..., 0., 0., 0.],
        [0., 0., 0.,  ..., 0., 0., 0.]])

Step 31
  Symbolic: Add(x14:Matrix(215, 215), x193:Matrix(215, 215)) -> t31
  Concrete: torch.add(x14, x193)
  Result shape: (215, 215)
  Result value:
tensor([[ 0.9076, -0.8580, -0.6513,  ...,  1.9566, -0.7716, -1.2080],
        [-0.8580,  0.2507,  1.6509,  ..., -0.5179, -1.4378,  0.2474],
        [-0.6513,  1.6509, -2.8602,  ...,  2.0896, -0.4386,  1.0324],
        ...,
        [ 1.9566, -0.5179,  2.0896,  ...,  1.0701, -0.4513,  0.9322],
        [-0.7716, -1.4378, -0.4386,  ..., -0.4513, -0.1316,  0.9490],
        [-1.2080,  0.2474,  1.0324,  ...,  0.9322,  0.9490, -0.9454]])

Step 32
  Symbolic: Subtract(x337:Matrix(84, 274), x336:Matrix(84, 274)) -> t32
  Concrete: torch.sub(x337, x336)
  Result shape: (84, 274)
  Result value:
tensor([[ 0.5630,  0.2893,  0.8648,  ..., -0.4299, -1.2221,  3.6861],
        [ 1.5847, -1.3501, -1.3452,  ..., -1.3835, -1.4303, -0.4882],
        [ 1.9740,  1.0706, -1.4480,  ..., -1.7125,  1.4927,  1.3427],
        ...,
        [ 1.6323,  1.3393,  0.3616,  ..., -0.9336, -0.3171, -2.6811],
        [ 1.0316,  0.5643, -2.0766,  ..., -0.9754,  0.2763, -1.2216],
        [ 0.2708,  3.0484, -0.7786,  ...,  2.4540,  1.4684,  1.3330]])

Step 33
  Symbolic: MatMul(t20:Matrix(274, 437), x208:Matrix(437, 5)) -> t33
  Concrete: torch.matmul(t20, x208)
  Result shape: (274, 5)
  Result value:
tensor([[  40.3722,   10.2807,  -67.7029,  -21.8043,   48.5231],
        [ -24.8058,   26.0799,   24.1669,  -83.0870,   43.1033],
        [  12.5184,  -18.5138,   35.5148,   47.9250,  -96.6594],
        ...,
        [  16.9521,   -2.1348,   49.4837,   -6.4564,  -98.5239],
        [  31.5652,  -26.7684,   16.1003,   75.4526, -110.9399],
        [  38.1489,   10.2444,  -30.5675,  -29.6563,   -0.1982]])

Step 34
  Symbolic: Subtract(x197:Matrix(22, 22), x198:Matrix(22, 22)) -> t34
  Concrete: torch.sub(x197, x198)
  Result shape: (22, 22)
  Result value:
tensor([[ 1.6169,  0.5732, -1.7808, -1.9443, -0.0703, -0.9367, -1.8675,  2.2614,
         -0.3551,  0.8469, -0.5298, -1.9933,  0.9401,  0.4674,  0.8321, -0.6109,
         -1.9905,  0.2988,  0.7346, -0.9669, -0.6552, -0.6896],
        [ 0.5732,  0.3779, -0.6839,  1.4680,  0.8509, -1.9138,  0.5972, -1.4974,
         -0.5352,  0.3515,  0.1468,  1.0441, -0.4259, -1.4971, -0.2013,  1.9966,
          0.8007,  0.3174, -0.5346,  0.2275,  0.1989,  0.1191],
        [-1.7808, -0.6839,  1.8507,  0.4281, -0.9972,  0.0107,  1.2858, -1.7857,
         -1.3606, -1.2113, -0.8061,  0.7173,  0.5820, -0.9006,  0.3111,  0.0094,
         -1.1991,  0.1306, -0.0533, -1.2640,  0.4231,  0.1584],
        [-1.9443,  1.4680,  0.4281, -0.9936,  3.0046,  0.6464, -1.0967,  0.5079,
         -0.6264,  0.5992,  0.4484,  1.0373, -0.7531, -0.5675, -0.0843,  0.1773,
         -0.3380,  0.7596,  0.0404, -0.4777,  0.7795,  2.8608],
        [-0.0703,  0.8509, -0.9972,  3.0046,  0.3865, -0.3463, -2.7373,  0.8500,
          1.2262, -0.4829, -2.6416,  1.2593, -0.4612, -0.1669,  0.4586, -0.1677,
         -0.7815,  0.5234,  2.2446,  1.4183,  1.1824, -1.5945],
        [-0.9367, -1.9138,  0.0107,  0.6464, -0.3463, -0.6872,  0.4420, -0.6594,
         -2.0457, -0.2777,  1.6540, -0.2466,  0.0552, -0.5302, -0.6037, -1.0349,
          0.4006,  0.0606,  0.9306, -1.3502,  1.7402,  0.7862],
        [-1.8675,  0.5972,  1.2858, -1.0967, -2.7373,  0.4420, -0.3788,  1.7039,
          1.2699, -0.4045, -0.8686,  0.9481, -1.3909, -1.5798, -1.2254, -1.9026,
         -2.3665,  0.9940, -0.1523, -0.0157,  1.2358,  0.0461],
        [ 2.2614, -1.4974, -1.7857,  0.5079,  0.8500, -0.6594,  1.7039,  1.0636,
          0.2909, -0.6894, -0.8018, -0.4326, -1.1823, -0.8896, -0.4707,  0.1435,
          0.1839,  0.7616, -1.5277,  1.0094, -1.5152, -0.2121],
        [-0.3551, -0.5352, -1.3606, -0.6264,  1.2262, -2.0457,  1.2699,  0.2909,
         -0.9224,  1.9368,  0.2974,  1.8275, -1.1724, -0.4799, -0.1757,  0.1339,
         -2.0598, -0.4381,  0.9086,  0.2083,  0.8091,  1.7205],
        [ 0.8469,  0.3515, -1.2113,  0.5992, -0.4829, -0.2777, -0.4045, -0.6894,
          1.9368,  0.1725,  1.0946,  0.3975,  1.9319,  0.9988, -2.1975, -0.4472,
          0.2807,  0.9099,  0.5280, -0.0494,  0.8364,  0.9954],
        [-0.5298,  0.1468, -0.8061,  0.4484, -2.6416,  1.6540, -0.8686, -0.8018,
          0.2974,  1.0946, -1.0148, -0.1422,  0.1439, -0.9931, -0.8569, -0.0840,
          1.2396,  2.3683,  0.8305, -0.4842, -1.2579, -1.5642],
        [-1.9933,  1.0441,  0.7173,  1.0373,  1.2593, -0.2466,  0.9481, -0.4326,
          1.8275,  0.3975, -0.1422,  0.8088, -0.0309,  0.9276,  0.0834, -1.0390,
          0.1554,  0.1615,  2.0099, -0.9081, -0.2896,  2.3892],
        [ 0.9401, -0.4259,  0.5820, -0.7531, -0.4612,  0.0552, -1.3909, -1.1823,
         -1.1724,  1.9319,  0.1439, -0.0309, -1.1459, -0.3186, -0.5359,  0.9153,
         -0.6631,  1.0924, -1.9763,  1.2294, -0.9901,  1.2231],
        [ 0.4674, -1.4971, -0.9006, -0.5675, -0.1669, -0.5302, -1.5798, -0.8896,
         -0.4799,  0.9988, -0.9931,  0.9276, -0.3186,  0.0649,  0.9692,  0.9020,
         -0.8930, -1.2035, -1.3152,  0.9129, -0.0807, -0.5405],
        [ 0.8321, -0.2013,  0.3111, -0.0843,  0.4586, -0.6037, -1.2254, -0.4707,
         -0.1757, -2.1975, -0.8569,  0.0834, -0.5359,  0.9692, -0.6551, -1.7165,
          1.5773, -0.5369, -0.1255, -1.0330,  0.7753, -1.0707],
        [-0.6109,  1.9966,  0.0094,  0.1773, -0.1677, -1.0349, -1.9026,  0.1435,
          0.1339, -0.4472, -0.0840, -1.0390,  0.9153,  0.9020, -1.7165, -0.1109,
         -0.3159,  0.2222,  0.5873, -0.6496,  0.5411, -2.3887],
        [-1.9905,  0.8007, -1.1991, -0.3380, -0.7815,  0.4006, -2.3665,  0.1839,
         -2.0598,  0.2807,  1.2396,  0.1554, -0.6631, -0.8930,  1.5773, -0.3159,
          0.1880, -1.4643, -1.0164,  0.7231, -0.8922, -0.2465],
        [ 0.2988,  0.3174,  0.1306,  0.7596,  0.5234,  0.0606,  0.9940,  0.7616,
         -0.4381,  0.9099,  2.3683,  0.1615,  1.0924, -1.2035, -0.5369,  0.2222,
         -1.4643,  2.2474,  0.6985,  2.1402,  1.4470, -0.4629],
        [ 0.7346, -0.5346, -0.0533,  0.0404,  2.2446,  0.9306, -0.1523, -1.5277,
          0.9086,  0.5280,  0.8305,  2.0099, -1.9763, -1.3152, -0.1255,  0.5873,
         -1.0164,  0.6985,  2.3175,  1.8196,  0.3715,  1.0631],
        [-0.9669,  0.2275, -1.2640, -0.4777,  1.4183, -1.3502, -0.0157,  1.0094,
          0.2083, -0.0494, -0.4842, -0.9081,  1.2294,  0.9129, -1.0330, -0.6496,
          0.7231,  2.1402,  1.8196, -0.1274,  0.3376, -2.6870],
        [-0.6552,  0.1989,  0.4231,  0.7795,  1.1824,  1.7402,  1.2358, -1.5152,
          0.8091,  0.8364, -1.2579, -0.2896, -0.9901, -0.0807,  0.7753,  0.5411,
         -0.8922,  1.4470,  0.3715,  0.3376,  0.5658,  1.7769],
        [-0.6896,  0.1191,  0.1584,  2.8608, -1.5945,  0.7862,  0.0461, -0.2121,
          1.7205,  0.9954, -1.5642,  2.3892,  1.2231, -0.5405, -1.0707, -2.3887,
         -0.2465, -0.4629,  1.0631, -2.6870,  1.7769, -3.3272]])

Step 35
  Symbolic: Add(x386:Matrix(303, 328), x386:Matrix(303, 328)) -> t35
  Concrete: torch.add(x386, x386)
  Result shape: (303, 328)
  Result value:
tensor([[-0.4475,  2.8971,  3.5028,  ..., -1.3677, -1.6512, -1.3135],
        [-2.1019, -1.1327, -0.2824,  ..., -0.4283, -3.9921, -1.9228],
        [-0.0571,  3.5380,  1.0715,  ...,  1.7527,  3.7876,  3.8348],
        ...,
        [-2.4812,  3.0270, -1.6556,  ..., -2.5336, -0.5437, -3.6048],
        [-3.5611, -1.0109, -2.7696,  ..., -0.7194,  2.6779, -2.2694],
        [ 1.2419,  2.0922, -3.0173,  ..., -1.6500,  0.5911,  0.6883]])

Step 36
  Symbolic: Subtract(x13:Matrix(215, 215), x190:Matrix(215, 215)) -> t36
  Concrete: torch.sub(x13, x190)
  Result shape: (215, 215)
  Result value:
tensor([[ 2.3304,  0.1100, -1.8408,  ..., -0.6955,  1.0515, -0.3436],
        [ 0.1100, -0.1010, -0.1443,  ...,  0.9500,  1.2242, -0.0220],
        [-1.8408, -0.1443, -0.0307,  ..., -1.1222, -0.7397, -1.1386],
        ...,
        [-0.6955,  0.9500, -1.1222,  ...,  1.0246,  0.7611,  0.0915],
        [ 1.0515,  1.2242, -0.7397,  ...,  0.7611, -0.1266, -0.8153],
        [-0.3436, -0.0220, -1.1386,  ...,  0.0915, -0.8153,  2.0822]])

Step 37
  Symbolic: Subtract(t6:Matrix(481, 481), t30:Matrix(481, 481)) -> t37
  Concrete: torch.sub(t6, t30)
  Result shape: (481, 481)
  Result value:
tensor([[-0.4388, -0.3211, -1.7150,  ...,  1.0329, -0.2444, -0.2597],
        [-0.3211,  3.4751,  1.0321,  ..., -3.0592,  2.2720, -0.2897],
        [-1.7150,  1.0321, -0.0147,  ...,  0.4124,  0.4263,  0.2170],
        ...,
        [ 1.0329, -3.0592,  0.4124,  ...,  0.2635, -0.0126,  0.4813],
        [-0.2444,  2.2720,  0.4263,  ..., -0.0126,  0.1986,  1.5977],
        [-0.2597, -0.2897,  0.2170,  ...,  0.4813,  1.5977,  0.2157]])

Step 38
  Symbolic: Add(x107:Matrix(276, 276), x108:Matrix(276, 276)) -> t38
  Concrete: torch.add(x107, x108)
  Result shape: (276, 276)
  Result value:
tensor([[ 1.7382e+00,  1.5454e+00,  1.0099e+00,  ..., -2.2954e-01,
          1.8396e+00,  7.8463e-01],
        [ 1.5454e+00, -1.7525e+00,  8.1916e-02,  ...,  2.4551e-01,
          1.5343e-01, -2.0929e-01],
        [ 1.0099e+00,  8.1916e-02,  8.8208e-01,  ...,  1.6136e+00,
         -9.6328e-01, -2.1344e-01],
        ...,
        [-2.2954e-01,  2.4551e-01,  1.6136e+00,  ...,  3.5187e-01,
          9.0282e-01,  3.3410e-01],
        [ 1.8396e+00,  1.5343e-01, -9.6328e-01,  ...,  9.0282e-01,
          1.7944e+00, -1.4234e-03],
        [ 7.8463e-01, -2.0929e-01, -2.1344e-01,  ...,  3.3410e-01,
         -1.4234e-03, -2.2653e+00]])

Step 39
  Symbolic: MatMul(x483:Matrix(154, 2), x209:Matrix(2, 457)) -> t39
  Concrete: torch.matmul(x483, x209)
  Result shape: (154, 457)
  Result value:
tensor([[-1.9185,  1.9513,  2.9431,  ..., -1.1469, -0.2466,  2.9250],
        [ 0.5523, -1.8547, -1.3531,  ..., -0.3500, -0.9698, -1.2889],
        [ 0.8279, -0.9339, -1.3060,  ...,  0.4467,  0.0325, -1.2940],
        ...,
        [ 2.8456, -1.7758, -3.9279,  ...,  2.2896,  1.2660, -3.9521],
        [ 2.0084,  3.0429, -1.0917,  ...,  3.8761,  4.3518, -1.3049],
        [ 0.1246,  0.8715,  0.1993,  ...,  0.5997,  0.8195,  0.1549]])

Step 40
  Symbolic: Add(x77:Matrix(376, 384), x77:Matrix(376, 384)) -> t40
  Concrete: torch.add(x77, x77)
  Result shape: (376, 384)
  Result value:
tensor([[-2.6790,  0.3311,  1.6764,  ...,  3.6128, -3.7651,  0.4213],
        [ 1.5439,  2.2323, -1.8854,  ...,  1.5316,  1.7186,  0.2707],
        [-2.4466,  2.3375,  1.1762,  ...,  1.5171, -2.1033, -1.3202],
        ...,
        [ 2.7315, -2.1765,  2.8420,  ..., -1.9013,  0.1577,  2.7123],
        [-0.6118,  1.6135, -1.0670,  ..., -0.3976,  2.6407, -1.2393],
        [-2.5668,  2.6410, -1.2854,  ...,  1.5681, -3.8846, -2.7841]])

Step 41
  Symbolic: Add(x267:Matrix(412, 412), x266:Matrix(412, 412)) -> t41
  Concrete: torch.add(x267, x266)
  Result shape: (412, 412)
  Result value:
tensor([[-0.9584, -0.3783, -1.5294,  ...,  0.5075,  1.6622,  0.9534],
        [-0.3783,  0.2504,  0.8228,  ..., -1.0829, -0.3835, -1.0962],
        [-1.5294,  0.8228, -2.4921,  ...,  0.0864, -0.3283,  1.9377],
        ...,
        [ 0.5075, -1.0829,  0.0864,  ..., -0.1951,  0.2120,  1.1868],
        [ 1.6622, -0.3835, -0.3283,  ...,  0.2120,  0.2555,  0.1383],
        [ 0.9534, -1.0962,  1.9377,  ...,  1.1868,  0.1383, -0.4140]])

Step 42
  Symbolic: MatMul(x284:Matrix(440, 440), x282:Matrix(440, 440)) -> t42
  Concrete: torch.matmul(x284, x282)
  Result shape: (440, 440)
  Result value:
tensor([[-17.9458,   6.2125,  17.5315,  ..., -17.5155,   3.4178,  10.2386],
        [ 20.1304,  13.5360,  -7.1887,  ...,   2.5771, -18.9191,  14.1275],
        [-15.8817,  -0.7646,  -3.3092,  ...,  10.2901,   5.1907,   7.4623],
        ...,
        [-19.3485,  14.2879, -20.6941,  ...,   4.7113,  -9.4872,   5.4305],
        [ 11.5048, -20.2587,  -2.6502,  ...,   5.1693,   1.0946,   1.4006],
        [ 16.9456, -13.8165,  30.8927,  ...,   0.8329,   2.2605,   7.1748]])

Step 43
  Symbolic: Subtract(x35:Matrix(449, 508), x35:Matrix(449, 508)) -> t43
  Concrete: torch.sub(x35, x35)
  Result shape: (449, 508)
  Result value:
tensor([[0., 0., 0.,  ..., 0., 0., 0.],
        [0., 0., 0.,  ..., 0., 0., 0.],
        [0., 0., 0.,  ..., 0., 0., 0.],
        ...,
        [0., 0., 0.,  ..., 0., 0., 0.],
        [0., 0., 0.,  ..., 0., 0., 0.],
        [0., 0., 0.,  ..., 0., 0., 0.]])

Step 44
  Symbolic: Add(t31:Matrix(215, 215), x13:Matrix(215, 215)) -> t44
  Concrete: torch.add(t31, x13)
  Result shape: (215, 215)
  Result value:
tensor([[ 2.4533, -0.3405, -1.5799,  ...,  1.9085, -0.4351, -1.5629],
        [-0.3405,  0.0443,  1.0207,  ..., -0.7525, -0.6563,  0.5946],
        [-1.5799,  1.0207, -3.7540,  ...,  1.4026, -0.2541,  0.5339],
        ...,
        [ 1.9085, -0.7525,  1.4026,  ...,  2.5937, -1.4302,  2.2786],
        [-0.4351, -0.6563, -0.2541,  ..., -1.4302, -0.3523,  0.5000],
        [-1.5629,  0.5946,  0.5339,  ...,  2.2786,  0.5000, -0.3939]])

Step 45
  Symbolic: Subtract(x20:Matrix(457, 273), x21:Matrix(457, 273)) -> t45
  Concrete: torch.sub(x20, x21)
  Result shape: (457, 273)
  Result value:
tensor([[ 0.9254,  2.4331,  1.7143,  ..., -1.3065, -1.5384, -0.2745],
        [ 1.6851,  0.0679,  2.3426,  ..., -2.9644, -0.1903,  1.3920],
        [-2.6360, -0.7942,  1.9778,  ..., -1.0652, -1.0460, -1.0406],
        ...,
        [ 0.7278,  0.8439, -0.7733,  ...,  2.9408, -0.7374, -2.4759],
        [ 2.5343,  1.1261, -2.9734,  ..., -0.1160,  3.1230,  3.7976],
        [ 0.6376,  0.6294, -0.3642,  ...,  0.3211, -2.0958, -0.2187]])

Step 46
  Symbolic: Subtract(t35:Matrix(303, 328), x387:Matrix(303, 328)) -> t46
  Concrete: torch.sub(t35, x387)
  Result shape: (303, 328)
  Result value:
tensor([[-1.6065,  2.0393,  4.3456,  ..., -3.1336, -0.1241, -1.7208],
        [-3.3693, -1.3051, -1.6537,  ..., -1.0621, -5.1039, -2.7834],
        [ 0.2780,  2.0504,  2.0064,  ...,  2.6348,  5.7314,  3.3690],
        ...,
        [-2.5266,  3.1803, -1.0201,  ..., -2.2432, -1.6014, -2.8443],
        [-4.5123, -1.2766, -4.4086,  ..., -2.6174,  4.4486, -3.7231],
        [ 2.3462,  0.3611, -2.2323,  ...,  0.1695,  0.5443,  1.0266]])

Step 47
  Symbolic: MatMul(x33:Matrix(222, 4), x399:Matrix(4, 66)) -> t47
  Concrete: torch.matmul(x33, x399)
  Result shape: (222, 66)
  Result value:
tensor([[-0.3124,  2.4620,  0.6057,  ...,  3.0047,  3.0652,  2.2652],
        [-3.5739,  2.6758, -2.7380,  ...,  1.6716,  2.8910, -2.6438],
        [-3.4837,  0.1861,  0.7728,  ...,  4.4938, -2.0023, -0.9158],
        ...,
        [-3.4515,  3.9586,  1.4208,  ...,  2.4042,  1.3885,  1.3632],
        [-1.5937,  2.0561,  4.4611,  ...,  3.7997, -1.3633,  4.0706],
        [-1.6400,  1.2808, -5.4975,  ...,  0.9982,  4.8723, -4.2155]])

Step 48
  Symbolic: MatMul(x398:Matrix(325, 5), x404:Matrix(5, 257)) -> t48
  Concrete: torch.matmul(x398, x404)
  Result shape: (325, 257)
  Result value:
tensor([[-1.1573, -3.5044,  1.0895,  ..., -1.6429,  0.4949,  0.4080],
        [-1.4561, -3.9078, -1.2189,  ..., -3.5678,  2.8696,  2.8209],
        [-0.3128,  4.8596, -1.2776,  ..., -2.2627,  0.6215, -2.7372],
        ...,
        [ 0.8717,  4.7205, -1.5656,  ...,  0.4761, -2.8865, -3.7366],
        [-4.6244,  1.7710,  0.0495,  ..., -5.1758,  4.4442, -1.7104],
        [-1.4073,  0.9570, -1.6116,  ..., -3.7464,  5.8657,  3.0450]])

Step 49
  Symbolic: MatMul(x409:Matrix(365, 365), x407:Matrix(365, 365)) -> t49
  Concrete: torch.matmul(x409, x407)
  Result shape: (365, 365)
  Result value:
tensor([[-10.2150,  22.5539,  -1.7801,  ...,   5.2869,  -3.1694,  -5.0790],
        [-13.2950,   3.5892,  10.5390,  ...,  11.1579, -12.7726, -10.5187],
        [ -5.1276,   7.6483,  14.7955,  ...,  31.9423,  15.0905,  -1.0710],
        ...,
        [-15.6551,   5.8928,   1.3053,  ..., -10.4798,   2.8384,  15.3586],
        [ -4.5318,   6.4336,  -1.2362,  ...,   0.8249,  20.1928,   4.3507],
        [  6.5181,   1.4966, -12.9663,  ...,  34.2800,   3.5684,   5.7227]])

Step 50
  Symbolic: Subtract(x174:Matrix(486, 486), x174:Matrix(486, 486)) -> t50
  Concrete: torch.sub(x174, x174)
  Result shape: (486, 486)
  Result value:
tensor([[0., 0., 0.,  ..., 0., 0., 0.],
        [0., 0., 0.,  ..., 0., 0., 0.],
        [0., 0., 0.,  ..., 0., 0., 0.],
        ...,
        [0., 0., 0.,  ..., 0., 0., 0.],
        [0., 0., 0.,  ..., 0., 0., 0.],
        [0., 0., 0.,  ..., 0., 0., 0.]])

Step 51
  Symbolic: Add(x387:Matrix(303, 328), x387:Matrix(303, 328)) -> t51
  Concrete: torch.add(x387, x387)
  Result shape: (303, 328)
  Result value:
tensor([[ 2.3180,  1.7155, -1.6856,  ...,  3.5318, -3.0542,  0.8145],
        [ 2.5348,  0.3449,  2.7426,  ...,  1.2675,  2.2236,  1.7212],
        [-0.6703,  2.9752, -1.8697,  ..., -1.7642, -3.8876,  0.9316],
        ...,
        [ 0.0908, -0.3066, -1.2711,  ..., -0.5809,  2.1155, -1.5211],
        [ 1.9024,  0.5315,  3.2780,  ...,  3.7961, -3.5413,  2.9073],
        [-2.2084,  3.4623, -1.5701,  ..., -3.6388,  0.0935, -0.6766]])

Step 52
  Symbolic: Subtract(x428:Matrix(233, 233), x428:Matrix(233, 233)) -> t52
  Concrete: torch.sub(x428, x428)
  Result shape: (233, 233)
  Result value:
tensor([[0., 0., 0.,  ..., 0., 0., 0.],
        [0., 0., 0.,  ..., 0., 0., 0.],
        [0., 0., 0.,  ..., 0., 0., 0.],
        ...,
        [0., 0., 0.,  ..., 0., 0., 0.],
        [0., 0., 0.,  ..., 0., 0., 0.],
        [0., 0., 0.,  ..., 0., 0., 0.]])

Step 53
  Symbolic: Transpose(x417:Matrix(315, 204)) -> t53
  Concrete: torch.transpose(x417, 0, 1)
  Result shape: (204, 315)
  Result value:
tensor([[ 0.1619, -0.4167, -1.3037,  ...,  0.1462,  1.4649, -0.8404],
        [-0.5882,  1.1954,  0.6517,  ..., -0.8359,  0.5598,  1.3180],
