Framework: torch
Final Environment (all values):
x0: shape=(3, 1)
tensor([[0.9284],
        [1.6008],
        [0.9972]])

x1: shape=(3, 1)
tensor([[ 1.5357],
        [-1.0902],
        [ 0.9403]])

x2: shape=(3, 1)
tensor([[ 0.5952],
        [-0.8686],
        [-0.8685]])

x3: shape=(1, 4)
tensor([[ 1.3591, -1.1361, -0.4662, -0.3367]])

x4: shape=(1, 3)
tensor([[-0.7700, -0.5826,  0.9745]])

x5: shape=(5, 3)
tensor([[-0.6788,  0.1883, -1.5096],
        [-0.2981,  1.0776,  1.3426],
        [-0.6083, -0.9768,  0.9319],
        [-0.7553, -1.1125, -0.5346],
        [-0.5907, -1.0988,  1.9357]])

x6: shape=(5, 3)
tensor([[ 0.3477,  1.5874, -0.4192],
        [ 1.5475,  1.0237, -0.1329],
        [-0.7139,  0.4075,  1.9886],
        [ 0.8034,  1.7392, -0.8058],
        [ 0.6053,  1.2171,  1.1838]])

x7: shape=(5, 3)
tensor([[ 1.3212,  0.1511,  0.3984],
        [ 1.4099, -1.5159,  0.7483],
        [-0.6140, -1.1441,  0.4261],
        [ 1.1802,  1.9419, -0.4122],
        [-1.9099, -0.2124, -1.2294]])

x8: shape=(3, 2)
tensor([[ 0.9362,  1.0229],
        [ 1.1708, -1.2836],
        [-0.6765,  1.9557]])

x9: shape=(4, 5)
tensor([[ 0.5558,  1.7436, -0.7016, -0.0665, -1.3412],
        [-1.3533, -1.4400, -1.1130, -0.9703, -0.0087],
        [-1.3134,  1.5625,  1.2133,  0.7399,  1.3263],
        [-1.4288, -1.2405, -0.4115, -0.5940,  1.1625]])

x10: shape=(4, 5)
tensor([[ 8.1086e-01,  1.4476e-03, -1.1148e+00,  1.6389e+00,  1.3228e+00],
        [ 1.8087e+00, -1.3903e-01,  9.1960e-01, -3.0115e-01,  1.9900e+00],
        [ 5.6497e-01, -5.2608e-01,  9.9997e-01, -1.8584e+00,  9.5038e-01],
        [ 1.6298e+00, -6.7803e-01, -1.8940e+00, -3.7466e-01, -6.0670e-01]])

x11: shape=(4, 5)
tensor([[-1.0532,  1.6044,  0.0098, -0.5841,  1.8444],
        [ 1.0218,  0.1403, -1.9828, -0.6916,  1.6359],
        [-1.5004, -1.4582,  1.3634, -1.7975,  1.4174],
        [ 1.7750, -0.5553, -0.3906, -0.7261, -0.6761]])

x12: shape=(4, 5)
tensor([[-1.4566,  1.7845,  1.5961,  0.0083, -0.7613],
        [ 1.0859, -0.6944,  0.9026, -0.6743,  1.2588],
        [ 1.6504,  0.9310,  1.6622, -0.4822,  1.9409],
        [ 1.1575,  0.0130,  0.4048,  1.3199, -1.9543]])

x13: shape=(5, 3)
tensor([[-0.9198,  1.6306, -0.7248],
        [ 0.1019, -0.6972, -0.8231],
        [ 0.9918, -0.2065,  0.5592],
        [-0.1136, -0.4193,  0.8469],
        [ 1.8975,  1.8032,  0.6599]])

x14: shape=(5, 4)
tensor([[ 0.6010,  0.3154,  0.6281,  1.5018],
        [ 0.7387,  1.6594,  0.1756,  1.8502],
        [-1.8455, -1.3469,  0.9833,  1.7762],
        [ 0.6269,  1.6435, -1.1616,  1.8308],
        [ 0.1294, -0.3499,  0.0248, -1.0900]])

t0: shape=(4, 5)
tensor([[-2.5099,  3.3889,  1.6059, -0.5757,  1.0831],
        [ 2.1077, -0.5541, -1.0802, -1.3659,  2.8948],
        [ 0.1500, -0.5272,  3.0257, -2.2797,  3.3583],
        [ 2.9325, -0.5423,  0.0142,  0.5938, -2.6303]])

t1: shape=(4, 4)
tensor([[ 2.7016,  4.3736,  0.0094,  4.1547],
        [-0.4324, -2.9090, -1.0705, -8.4406],
        [-1.2387,  1.2965, -0.1842,  2.9825],
        [-1.2375, -3.3379, -0.8011, -7.5265]])

t2: shape=(4, 5)
tensor([[ 0.6010,  0.7387, -1.8455,  0.6269,  0.1294],
        [ 0.3154,  1.6594, -1.3469,  1.6435, -0.3499],
        [ 0.6281,  0.1756,  0.9833, -1.1616,  0.0248],
        [ 1.5018,  1.8502,  1.7762,  1.8308, -1.0900]])

t3: shape=(5, 1)
tensor([[-1.3343],
        [ 1.3811],
        [ 0.2841],
        [-0.4389],
        [-1.0100]])

t4: shape=()
tensor(3.1255)
